,Beta Range,Alpha,Gamma,Eta,Max Risk,Wealth,No Risk Wealth
0,21.0,0.25,0.005,0.6,1.2,11.804304778064367,11.308665641714484
1,21.0,0.0,0.0025,1.5,0.6,4.591714440193689,0.008117675493700764
2,42.0,0.15,0.005,0.4,0.75,26.76903693500796,11.848731826790747
3,42.0,0.3,0.001,0.3,0.7,26.418639393933933,15.465304217868885
4,126.0,0.4,0.005,0.7,0.65,26.67050403895848,11.268608690338477
5,21.0,0.0,0.0025,0.0,0.9,26.670504038884765,26.67050403888296
6,42.0,0.25,0.001,0.2,0.9,27.071967707245598,16.355675547818553
7,42.0,0.35,0.005,1.0,1.05,14.638499756352601,10.680447666061612
8,21.0,0.15,0.0025,0.6,1.4,13.966582135334068,13.017400880010241
9,126.0,0.05,0.0025,0.9,0.9,43.57081556761367,18.284037343938945
10,126.0,0.3,0.001,1.5,1.0,23.388113634557026,22.76607614575541
11,63.0,0.15,0.0025,0.9,1.2,30.85777933604327,33.33549990904612
12,252.0,0.1,0.001,0.1,1.3,16.354889926680194,16.354889926680194
13,126.0,0.35,0.01,1.3,1.45,7.521204034121774,7.521204034121774
14,42.0,0.05,0.01,0.3,0.55,26.67050403895848,11.118902217658343
15,42.0,0.15,0.0025,0.8,0.75,31.976142613213636,23.474567917241888
16,252.0,0.15,0.0025,1.4,0.8,26.67050403895848,34.797583406400896
17,42.0,0.35,0.0025,1.3,1.0,20.680694345861077,11.697100696911722
18,126.0,0.2,0.005,0.9,0.95,24.973005299682,11.845962710864024
19,21.0,0.35,0.0025,0.3,0.6,27.526744264940977,14.173012759979065
20,63.0,0.3,0.005,0.3,0.5,26.67050403895848,12.254634569668974
21,126.0,0.4,0.0025,1.2,0.8,26.67050403895848,12.281625479002162
22,252.0,0.35,0.01,0.1,0.85,26.67050403895848,9.634608876133349
23,252.0,0.25,0.005,0.8,0.8,26.67050403895848,10.864037330282917
24,126.0,0.05,0.0,0.2,1.05,19.253786205489025,17.312070763396406
25,42.0,0.3,0.005,0.5,1.0,17.190595338662224,11.799334687701482
26,126.0,0.1,0.01,0.0,1.25,26.67050403888296,26.67050403888296
27,63.0,0.3,0.0025,0.9,0.9,26.263047217618926,12.87048717691652
28,42.0,0.15,0.0025,0.8,1.0,29.998834851155664,23.474567917241888
29,252.0,0.0,0.0,0.8,0.95,7.3197221928997624,2.3955260984761915
30,63.0,0.3,0.01,0.2,1.0,18.022063095714877,9.656285123224825
31,252.0,0.15,0.005,1.3,0.6,26.67050403895848,23.24205092145373
32,42.0,0.4,0.005,0.3,0.7,26.41348384576754,12.254634569668974
33,63.0,0.35,0.0025,1.1,1.15,13.370184874950668,12.296858136022307
34,63.0,0.05,0.001,0.5,0.8,26.804874126125796,43.209500172710875
35,63.0,0.25,0.005,1.2,1.1,19.62598779758889,15.785062374754947
36,21.0,0.1,0.0,0.1,1.0,20.20342226683924,17.345271812609003
37,42.0,0.3,0.0,0.1,0.7,26.419749284374454,17.345271812609003
38,63.0,0.0,0.0,0.4,1.25,14.105749145419674,11.98998140549492
39,63.0,0.35,0.01,0.3,0.5,26.67050403895848,9.161608913910522
40,63.0,0.05,0.01,0.1,0.95,20.572284236893232,9.634608876133349
41,126.0,0.15,0.005,0.9,0.85,26.784337143461702,27.4391931101116
42,126.0,0.15,0.005,0.8,1.4,19.95688860836759,19.95688860836759
43,63.0,0.25,0.0,1.3,0.8,26.52656077124353,32.62549330090882
44,42.0,0.3,0.0,1.1,1.05,16.375058819694015,14.137616459524624
45,42.0,0.4,0.0025,1.0,1.45,12.325587319584741,12.316200047811606
46,252.0,0.15,0.0,0.5,1.05,15.738412524185614,15.819167434684383
47,63.0,0.15,0.0025,1.5,0.6,32.546107726642234,38.6683213333711
48,63.0,0.4,0.005,0.1,1.05,14.86581627086814,12.92739389973265
49,252.0,0.2,0.0,0.4,0.85,26.67050403895848,15.81086188524006
50,42.0,0.2,0.001,0.7,1.1,15.130870954391566,14.220388058971837
51,126.0,0.1,0.001,0.0,0.6,26.67050403895848,26.67050403888296
52,42.0,0.05,0.005,0.8,0.95,28.90877396954695,17.534839049168127
53,126.0,0.15,0.0025,1.5,0.55,26.67050403895848,38.6683213333711
54,42.0,0.35,0.0,0.0,0.85,26.670504038884953,26.67050403888296
55,21.0,0.05,0.001,0.9,0.95,49.43405993028995,23.14929140250196
56,21.0,0.0,0.0025,1.3,0.75,3.994135768543446,0.021421699385882786
57,63.0,0.05,0.001,0.7,0.7,26.67050403895848,40.750120604956415
58,63.0,0.2,0.0,1.3,1.4,38.120535367766145,37.06163034865077
59,252.0,0.25,0.001,0.2,1.4,16.355675547818553,16.355675547818553
60,63.0,0.3,0.0,0.9,1.1,15.575811884189301,14.831106900544576
61,42.0,0.25,0.001,1.5,0.6,32.71644202495012,30.57793118129964
62,42.0,0.15,0.01,1.0,1.45,18.48912782216336,18.907931716065534
63,252.0,0.3,0.001,0.6,0.8,26.67050403895848,14.218151970716796
64,63.0,0.25,0.001,0.4,1.1,15.142963623920913,14.924484349745137
65,21.0,0.25,0.001,0.4,0.75,28.544586125663745,14.924484349745137
66,21.0,0.4,0.0025,0.3,0.5,26.80082945170414,14.173012759979065
67,126.0,0.3,0.005,0.2,1.3,12.958995356366037,12.94065701754558
68,42.0,0.15,0.01,1.3,1.0,18.480637210899893,12.175016840152733
69,21.0,0.2,0.0,1.5,1.05,41.607672173746764,43.54066738550286
70,63.0,0.25,0.0,0.9,0.85,26.509790488457014,14.737440734444123
71,21.0,0.3,0.001,1.5,0.95,38.785282478409314,22.76607614575541
72,252.0,0.3,0.005,0.2,1.3,12.94065701754558,12.94065701754558
73,252.0,0.2,0.01,1.0,1.0,20.17998907214838,13.370956807776132
74,42.0,0.4,0.01,0.1,0.5,26.67050403895848,9.634608876133349
75,21.0,0.35,0.01,0.4,0.65,26.633340872218284,8.879359369718419
76,63.0,0.1,0.005,0.0,0.65,26.67050403895848,26.67050403888296
77,126.0,0.0,0.0025,0.9,0.85,4.373258429411111,0.1662737644974796
78,63.0,0.4,0.0025,1.5,1.3,11.473999869663446,11.637889079498295
79,63.0,0.15,0.001,0.1,1.0,23.439968790948676,16.354889926680194
80,126.0,0.35,0.01,0.1,1.25,9.671887422330444,9.634608876133349
81,42.0,0.05,0.01,0.2,1.4,9.5502648619917,9.641646668029253
82,21.0,0.0,0.001,0.7,0.95,12.980615613792354,1.6476187741299155
83,126.0,0.2,0.0,1.0,1.25,28.59259824709386,25.077775865897426
84,21.0,0.3,0.0,0.3,1.05,18.287133721981615,16.391636991347465
85,21.0,0.3,0.01,0.1,0.8,27.076842946099134,9.634608876133349
86,126.0,0.35,0.005,0.2,1.45,12.94065701754558,12.94065701754558
87,21.0,0.0,0.005,0.3,1.0,9.024525082969522,3.1497948899056256
88,126.0,0.1,0.0025,1.0,1.15,32.16457900288731,36.86854437393471
89,63.0,0.25,0.005,0.1,1.05,14.86581627086814,12.92739389973265
90,42.0,0.15,0.0,0.7,0.75,29.17204571095279,17.057332729707717
91,63.0,0.15,0.0025,1.0,0.7,26.67050403895848,37.64344129297043
92,126.0,0.4,0.005,0.6,0.9,27.324295430055766,11.308665641714484
93,21.0,0.3,0.001,1.2,1.45,12.993761147141369,12.89924500916592
94,42.0,0.35,0.001,1.4,1.45,11.907481072551,12.062943493117393
95,42.0,0.05,0.0,1.2,0.55,36.50792746442328,9.886729110500395
96,126.0,0.15,0.01,0.7,0.9,26.70825064101832,9.524527007888146
97,126.0,0.2,0.001,1.2,0.5,26.67050403895848,35.95375895676805
98,126.0,0.25,0.0025,0.2,1.0,20.34901576190767,14.980521441223983
99,252.0,0.1,0.01,1.3,0.75,26.67050403895848,9.5376629917547
