,Beta Range,Alpha,Gamma,Eta,Max Risk,Wealth,No Risk Wealth
0,21.0,0.4,0.0025,1.5,1.2,12.132441530099799,11.637889079498295
1,42.0,0.0,0.001,1.0,1.0,5.038556620522785,0.4298852409617457
2,42.0,0.3,0.01,1.2,1.25,8.04788735416077,7.657041391048316
3,42.0,0.4,0.005,0.6,0.75,26.769800709444088,11.308665641714484
4,63.0,0.05,0.0025,1.3,0.9,17.291875962453254,4.2790325002813185
5,252.0,0.1,0.0,0.3,1.05,15.968200140002656,16.391636991347465
6,42.0,0.3,0.005,0.2,1.0,20.222690817265097,12.94065701754558
7,21.0,0.4,0.0,0.3,0.65,26.789449583922167,16.391636991347465
8,63.0,0.25,0.01,0.3,0.65,26.67050403895848,9.161608913910522
9,42.0,0.15,0.0,1.4,0.85,43.014800968834116,48.3299261866897
10,21.0,0.35,0.01,1.4,1.35,7.556692200434701,7.067598365485419
11,63.0,0.4,0.005,0.0,1.15,26.67050403888296,26.67050403888296
12,252.0,0.35,0.005,0.4,0.7,26.67050403895848,11.848731826790747
13,126.0,0.35,0.01,0.7,1.4,8.476393179387141,8.476393179387141
14,42.0,0.35,0.0025,1.0,0.5,26.67050403895848,12.316200047811606
15,21.0,0.05,0.001,0.1,1.3,16.483609727646943,16.354889926680194
16,252.0,0.35,0.01,1.2,1.4,7.935203908091634,7.935203908091634
17,42.0,0.3,0.0025,0.2,0.95,24.553799423314295,14.980521441223983
18,252.0,0.2,0.005,0.9,1.35,11.845962710864024,11.845962710864024
19,21.0,0.1,0.0,0.2,0.9,26.355692896377697,17.341867154665334
20,42.0,0.05,0.001,1.0,0.75,43.09568834050843,15.725670792030892
21,126.0,0.4,0.001,0.6,0.85,26.928798447398794,14.218151970716796
22,126.0,0.3,0.0,0.8,1.2,14.893460921625314,14.511254120293705
23,21.0,0.05,0.0025,0.8,0.75,60.221328943461614,25.24417595628286
24,126.0,0.1,0.0025,1.4,1.15,32.43854781216985,22.105143182558482
25,126.0,0.3,0.0025,1.4,1.05,20.167137820341853,15.787471813436111
26,126.0,0.35,0.005,1.1,0.95,24.967979436714995,10.66477469347974
27,126.0,0.05,0.005,1.5,1.4,1.3429095511104414,0.8949941067102831
28,252.0,0.35,0.001,1.5,1.1,17.149267979837177,14.547897144781203
29,126.0,0.25,0.01,1.2,0.7,26.67050403895848,11.596173040969331
30,63.0,0.05,0.001,0.4,1.3,38.32716602587108,38.94088576301132
31,63.0,0.4,0.0025,0.4,1.25,13.071540885366787,13.687197304501494
32,126.0,0.4,0.0025,0.5,0.5,26.67050403895848,13.627872283419194
33,42.0,0.2,0.0025,0.5,0.75,26.797973233280448,13.627872283419194
34,42.0,0.25,0.01,0.3,1.05,12.322669458917087,9.161608913910522
35,63.0,0.35,0.01,0.2,0.7,26.67050403895848,9.656285123224825
36,21.0,0.05,0.01,0.5,1.45,19.826917838264663,15.262545320755148
37,21.0,0.4,0.005,1.4,0.5,26.773634775499755,10.322899503092511
38,42.0,0.2,0.001,0.8,1.2,13.853088985459932,13.754951033341419
39,42.0,0.05,0.005,1.0,1.3,16.212935218299545,7.908119774757543
40,126.0,0.15,0.005,1.4,0.95,38.041792864067254,25.053685165867357
41,21.0,0.15,0.001,0.9,1.2,29.8361481948196,37.46509106970812
42,126.0,0.4,0.005,0.4,1.05,16.041808280830693,11.848731826790747
43,63.0,0.3,0.005,1.3,1.0,22.771897996101757,11.991303142380321
44,63.0,0.2,0.01,1.1,1.15,18.495151906659455,17.33461424719533
45,126.0,0.35,0.0025,1.5,0.85,26.578358438249655,13.291493422849214
46,21.0,0.0,0.001,0.7,1.3,3.6918519924910433,1.6476187741299155
47,63.0,0.35,0.01,1.1,0.6,26.67050403895848,8.021616584397618
48,42.0,0.1,0.01,0.9,0.85,34.93948731783105,13.253696672684184
49,252.0,0.15,0.005,0.0,0.7,26.67050403895848,26.67050403888296
50,63.0,0.35,0.001,0.5,1.2,14.067839045384892,14.858315941778974
51,21.0,0.2,0.0,0.6,1.15,15.38801028995534,15.055682592557336
52,21.0,0.0,0.001,0.8,1.0,5.743778576814468,1.0469016338924806
53,63.0,0.25,0.005,1.3,0.6,26.67050403895848,23.012591065098714
54,21.0,0.25,0.01,0.3,1.3,9.471792995158257,9.161608913910522
55,126.0,0.4,0.01,1.2,1.35,7.972328975716785,7.972328975716785
56,63.0,0.15,0.001,0.7,0.95,32.32283219078154,16.091835422217834
57,63.0,0.3,0.0025,1.2,1.45,11.825384671912927,11.825384671912927
58,42.0,0.05,0.01,1.0,0.65,22.247790329184898,3.3483623253679187
59,21.0,0.0,0.0,1.4,0.95,2.384653404671319,0.3760505716998029
60,42.0,0.3,0.0,0.1,1.0,21.476784452706788,17.345271812609003
61,63.0,0.4,0.001,0.8,1.35,13.899885911959782,13.70593494392202
62,42.0,0.2,0.01,0.0,0.65,26.67050403895848,26.67050403888296
63,126.0,0.05,0.005,1.5,0.85,16.625977531526548,0.8949941067102831
64,252.0,0.35,0.005,1.5,0.55,26.67050403895848,11.43391198060995
65,42.0,0.35,0.0,0.4,1.05,16.80912488225871,15.81086188524006
66,252.0,0.05,0.01,1.0,1.05,13.260580489478889,3.3483623253679187
67,42.0,0.3,0.0025,0.1,0.85,26.5358196756633,14.974312478835303
68,42.0,0.1,0.01,0.8,0.6,30.524053093068748,16.120057481313484
69,126.0,0.15,0.001,1.2,1.45,42.756857543220406,42.40678914698006
70,63.0,0.15,0.0,0.4,0.7,26.67050403895848,15.81086188524006
71,126.0,0.1,0.001,0.4,1.2,14.759058846865516,14.969381381376154
72,42.0,0.4,0.0025,1.2,0.9,24.64773710696045,12.281625479002162
73,252.0,0.25,0.0,0.6,1.45,15.055682592557336,15.055682592557336
74,252.0,0.0,0.0025,0.2,0.5,26.67050403895848,10.782605877713252
75,21.0,0.15,0.01,0.2,0.5,26.781146610876718,9.656285123224825
76,42.0,0.4,0.01,1.5,0.9,22.86705951033524,7.450243121116342
77,42.0,0.15,0.0025,1.4,1.45,31.306788524922297,34.797583406400896
78,252.0,0.35,0.0025,0.0,1.2,26.67050403888296,26.67050403888296
79,126.0,0.3,0.001,0.8,1.1,15.496261484695829,13.70593494392202
80,21.0,0.0,0.01,0.6,0.85,1.9908704978037401,0.008883622464877216
81,42.0,0.1,0.0,0.1,0.7,26.419749284374454,17.345271812609003
82,126.0,0.25,0.0,1.4,1.3,37.014889602169255,32.885672607078085
83,252.0,0.2,0.0025,0.8,0.95,26.17884600026855,12.622400772313446
84,21.0,0.0,0.0025,0.5,1.3,3.738445301392931,2.0234391945549803
85,42.0,0.0,0.0025,0.1,1.05,27.472986946457667,18.776869673197915
86,126.0,0.15,0.01,1.5,1.1,23.279590424763455,14.411215512692735
87,21.0,0.35,0.0,0.7,1.05,17.649550720917574,14.980388602747444
88,252.0,0.2,0.01,1.1,0.95,27.26662625409915,17.33461424719533
89,42.0,0.15,0.005,0.6,0.65,26.67050403895848,11.27327534852997
90,63.0,0.0,0.0025,0.3,1.35,8.728076602403544,7.249123063033626
91,42.0,0.1,0.0025,0.7,1.05,40.77326653367606,38.061379495731515
92,21.0,0.3,0.001,0.2,1.4,16.2186113101366,16.355675547818553
93,126.0,0.25,0.005,0.1,0.8,26.67050403895848,12.92739389973265
94,252.0,0.3,0.001,1.1,1.15,13.560226993440464,13.347336430626187
95,126.0,0.15,0.01,1.3,0.95,30.31428420617471,12.175016840152733
96,126.0,0.35,0.0025,0.4,0.9,27.756329763282746,13.687197304501494
97,252.0,0.05,0.0025,0.9,0.9,32.330508621969656,18.284037343938945
98,252.0,0.2,0.01,1.1,0.8,26.67050403895848,17.33461424719533
99,126.0,0.25,0.005,0.7,0.5,26.67050403895848,11.268608690338477
