,Beta Range,Alpha,Gamma,Eta,Max Risk,Wealth,No Risk Wealth
0,252.0,0.05,0.01,0.3,1.45,11.118902217658343,11.118902217658343
1,63.0,0.35,0.001,0.5,1.0,21.969963966127274,14.858315941778974
2,126.0,0.4,0.0025,0.2,0.8,26.67050403895848,14.980521441223983
3,42.0,0.4,0.0025,0.6,0.9,26.76364356653525,13.048383661842257
4,21.0,0.1,0.0,0.6,0.65,35.02560832720272,31.491202385465137
5,21.0,0.2,0.0,0.9,0.8,32.92505424410135,15.816076382182956
6,63.0,0.4,0.005,0.1,0.5,26.67050403895848,12.92739389973265
7,21.0,0.2,0.005,0.5,1.05,14.516241725304042,11.799334687701482
8,63.0,0.15,0.001,1.5,1.4,43.66147787960955,47.10578173993495
9,252.0,0.35,0.0,0.3,1.3,16.391636991347465,16.391636991347465
10,63.0,0.4,0.0025,1.3,1.15,12.801803634790236,12.100471721395616
11,42.0,0.35,0.001,1.4,1.1,14.310953204618897,12.062943493117393
12,42.0,0.0,0.001,0.9,0.75,12.891980735025871,0.6603099580219642
13,42.0,0.3,0.001,1.0,0.8,26.251376706362905,13.413389477021257
14,63.0,0.0,0.0025,0.6,1.15,2.689698825156242,1.0621232982266184
15,42.0,0.35,0.001,0.5,0.8,26.50351829991766,14.858315941778974
16,126.0,0.2,0.0,0.8,1.25,14.618871775572682,14.565881639750181
17,126.0,0.15,0.0025,0.1,0.9,27.643974860787385,14.974312478835303
18,21.0,0.25,0.0,1.3,1.05,28.114175540170912,32.62549330090882
19,21.0,0.4,0.0025,1.2,0.7,26.621812583310188,12.281625479002162
20,63.0,0.35,0.0025,1.1,0.9,25.761969446552634,12.296858136022307
21,126.0,0.3,0.001,0.5,1.45,14.858315941778974,14.858315941778974
22,21.0,0.15,0.0025,0.5,0.75,28.453302298431883,13.701359259122668
23,126.0,0.05,0.01,1.4,1.35,0.9307259806207211,0.4249047512226209
24,63.0,0.25,0.0025,0.6,1.0,20.162809860047247,13.048383661842257
25,42.0,0.3,0.001,1.5,0.55,31.261328756013736,22.76607614575541
26,42.0,0.3,0.0025,1.1,1.05,15.034030306512804,12.24395512591417
27,21.0,0.05,0.005,0.4,1.25,28.461266479967115,27.6229730325457
28,252.0,0.05,0.0,0.3,1.4,20.248438786382714,20.248438786382714
29,63.0,0.25,0.005,1.0,0.7,26.67050403895848,10.659792266792087
30,252.0,0.0,0.001,0.5,0.6,26.67050403895848,4.539295695392019
31,21.0,0.3,0.01,0.4,0.9,22.89205657367224,8.879359369718419
32,126.0,0.25,0.0025,1.0,0.95,28.693158782114992,12.31387995661501
33,42.0,0.3,0.0025,1.4,1.0,23.200918576022833,15.787471813436111
34,21.0,0.05,0.001,1.5,0.75,20.943481652462946,2.7219022240106883
35,63.0,0.05,0.005,0.6,1.05,23.391235821387763,24.79583546403882
36,126.0,0.35,0.001,1.4,1.3,12.067503723560584,12.062943493117393
37,63.0,0.2,0.005,0.7,1.0,20.243803592598656,11.313940602774654
38,63.0,0.0,0.01,1.5,1.05,0.00013989297727754054,1.8889396643319243e-07
39,21.0,0.35,0.001,1.2,1.3,13.236031722023453,13.36336088556718
40,21.0,0.35,0.0025,1.3,0.85,26.629446297519294,11.697100696911722
41,126.0,0.1,0.0,0.7,1.35,46.29661046290391,47.79534750009532
42,126.0,0.2,0.0,0.5,1.35,15.739718114386795,15.739718114386795
43,126.0,0.15,0.0,1.1,1.45,48.71211370742972,48.43470143593419
44,126.0,0.25,0.0,1.2,0.8,26.67050403895848,21.4867045835726
45,252.0,0.0,0.0025,0.9,1.45,0.26414289444732525,0.1662737644974796
46,63.0,0.25,0.001,1.2,0.9,31.192487159316535,20.201599599039948
47,126.0,0.15,0.01,1.3,1.35,17.278733758970443,12.175016840152733
48,63.0,0.2,0.005,0.2,1.45,12.94065701754558,12.94065701754558
49,252.0,0.35,0.0025,1.1,0.5,26.67050403895848,12.296858136022307
50,252.0,0.35,0.005,1.1,0.9,27.14194836071709,10.66477469347974
51,252.0,0.35,0.0025,1.0,1.2,12.412759142712737,12.316200047811606
52,126.0,0.2,0.0025,0.4,1.3,13.90222418301455,13.687197304501494
53,126.0,0.15,0.0025,0.7,0.55,26.67050403895848,14.745067356490111
54,126.0,0.1,0.001,0.9,1.15,31.350669283886706,41.22549061592428
55,126.0,0.2,0.0025,0.4,0.85,26.896970335984534,13.687197304501494
56,42.0,0.4,0.0,1.4,1.35,13.87712297376125,13.818541114347667
57,126.0,0.05,0.01,0.5,1.1,18.679944940178526,15.262545320755148
58,63.0,0.2,0.01,1.1,1.05,20.493693108233483,17.33461424719533
59,63.0,0.0,0.001,0.9,1.05,2.5399821354966248,0.6603099580219642
60,126.0,0.05,0.0025,0.1,1.05,19.008581796675845,14.974312478835303
61,21.0,0.15,0.001,0.9,0.75,43.348112996610716,37.46509106970812
62,126.0,0.3,0.0,1.5,1.45,23.534926645874975,24.34366123166882
63,63.0,0.3,0.001,0.2,1.0,23.06872383723702,16.355675547818553
64,42.0,0.25,0.0025,0.2,1.2,15.710552875731755,14.980521441223983
65,42.0,0.35,0.001,0.3,1.35,15.24417584188237,15.465304217868885
66,252.0,0.0,0.0,0.6,0.85,23.123016961389432,5.227331201088845
67,63.0,0.35,0.005,0.5,1.0,19.76206726656962,11.799334687701482
68,21.0,0.4,0.01,0.1,1.25,10.042438827795548,9.634608876133349
69,42.0,0.15,0.001,0.0,0.65,26.67050403895848,26.67050403888296
70,252.0,0.35,0.0,0.8,0.65,26.67050403895848,14.511254120293705
71,63.0,0.3,0.01,0.7,1.4,8.56494396045361,8.476393179387141
72,252.0,0.05,0.005,0.7,0.6,26.67050403895848,23.51158283657195
73,42.0,0.1,0.01,1.0,1.4,14.647347404451674,13.698025818409624
74,126.0,0.35,0.01,1.3,0.75,26.67050403895848,7.521204034121774
75,252.0,0.25,0.01,0.9,0.6,26.67050403895848,8.345291912842207
76,126.0,0.25,0.0,1.0,0.75,26.67050403895848,14.224578731802524
77,63.0,0.2,0.0025,1.5,0.65,31.61797923324076,32.95954415091317
78,21.0,0.05,0.0025,1.1,1.35,20.155169090379214,8.425901412261336
79,252.0,0.15,0.005,0.9,0.6,26.67050403895848,27.4391931101116
80,21.0,0.2,0.0025,1.3,1.2,29.655901022795828,29.55460735092313
81,252.0,0.05,0.001,0.1,0.55,26.67050403895848,16.354889926680194
82,42.0,0.05,0.0,0.7,0.6,33.146217690244875,46.755905214902185
83,21.0,0.35,0.01,1.2,0.5,26.764311609790294,7.935203908091634
84,126.0,0.2,0.0025,1.4,0.65,26.67050403895848,30.536007367126857
85,252.0,0.05,0.0,0.0,0.7,26.67050403895848,26.67050403888296
86,126.0,0.15,0.0,0.3,1.1,19.332083699689726,16.391636991347465
87,42.0,0.25,0.001,1.0,0.85,28.268914677171296,13.427087385393273
88,252.0,0.4,0.001,0.5,1.4,14.858315941778974,14.858315941778974
89,126.0,0.2,0.005,1.2,0.55,26.67050403895848,25.85123248863943
90,21.0,0.15,0.01,0.0,1.1,26.67050403888296,26.67050403888296
91,252.0,0.15,0.0,0.5,1.2,15.819167434684383,15.819167434684383
92,63.0,0.0,0.001,0.9,1.15,1.9859309752643224,0.6603099580219642
93,21.0,0.1,0.005,0.8,0.5,35.05443787339793,28.176069892563934
94,126.0,0.15,0.0,0.8,1.15,30.84614265596113,27.612147643607134
95,21.0,0.3,0.0025,0.5,0.8,28.096766931213377,13.627872283419194
96,252.0,0.25,0.005,1.1,1.2,12.015258118868651,11.779004842187064
97,126.0,0.4,0.001,0.2,1.2,16.879005671302032,16.355675547818553
98,252.0,0.35,0.0,0.9,1.45,14.831106900544576,14.831106900544576
99,21.0,0.1,0.0025,0.5,1.05,20.39531469332971,16.63192441084261
