,Beta Range,Alpha,Gamma,Eta,Max Risk,Wealth,No Risk Wealth
0,126.0,0.3,0.001,0.1,1.45,16.354889926680194,16.354889926680194
1,63.0,0.1,0.0025,1.4,1.15,29.655866221186432,22.105143182558482
2,126.0,0.2,0.001,0.3,1.35,15.465304217868885,15.465304217868885
3,21.0,0.1,0.005,0.1,0.6,27.50073494848529,12.92739389973265
4,63.0,0.15,0.01,0.7,0.9,26.068994499440567,9.524527007888146
5,42.0,0.15,0.005,1.1,1.2,26.553679255385422,28.170042838608445
6,42.0,0.4,0.005,1.4,1.0,19.400119079680806,10.322899503092511
7,21.0,0.1,0.0025,0.1,1.25,15.266041947587558,14.974312478835303
8,63.0,0.4,0.0025,0.3,1.1,14.917661929631533,14.173012759979065
9,63.0,0.35,0.01,0.4,0.6,26.67050403895848,8.879359369718419
10,63.0,0.0,0.0025,1.0,0.8,7.229328734941855,0.0947070760551878
11,42.0,0.3,0.0,0.8,0.7,26.41984010564262,14.511254120293705
12,42.0,0.1,0.001,0.9,0.85,56.11142913719389,41.22549061592428
13,21.0,0.1,0.01,1.1,1.15,25.044628762571673,12.494675781502087
14,63.0,0.15,0.005,0.8,0.6,26.67050403895848,19.95688860836759
15,252.0,0.3,0.0,0.6,1.2,15.145773173625265,15.055682592557336
16,252.0,0.25,0.01,0.4,0.5,26.67050403895848,8.879359369718419
17,126.0,0.2,0.005,0.0,0.6,26.67050403895848,26.67050403888296
18,63.0,0.35,0.005,0.5,0.5,26.67050403895848,11.799334687701482
19,126.0,0.25,0.01,1.5,0.65,26.67050403895848,14.477384548584624
20,21.0,0.15,0.0,0.7,0.95,25.25626313969602,17.057332729707717
21,21.0,0.15,0.0,1.5,0.5,87.36495214584949,53.7301331607548
22,252.0,0.15,0.005,0.8,0.75,26.67050403895848,19.95688860836759
23,126.0,0.3,0.0025,0.6,0.7,26.67050403895848,13.048383661842257
24,42.0,0.25,0.01,0.8,1.25,8.469620525591461,8.170621208953976
25,21.0,0.05,0.0,0.5,1.45,47.16832950440424,48.505449171102
26,252.0,0.3,0.0025,1.3,1.05,19.316014252415666,13.940947907777103
27,21.0,0.15,0.001,0.9,0.5,29.350018878334964,37.46509106970812
28,21.0,0.35,0.0,1.1,1.1,15.955009181018351,14.178654863559098
29,252.0,0.3,0.001,0.1,0.9,27.535790903830357,16.354889926680194
30,21.0,0.25,0.001,1.3,1.05,26.988679338205902,30.425633373597787
31,21.0,0.25,0.01,0.4,0.75,27.9649712467514,8.879359369718419
32,252.0,0.1,0.0025,0.6,0.65,26.67050403895848,26.486532122404423
33,126.0,0.15,0.01,0.1,0.55,26.67050403895848,9.634608876133349
34,21.0,0.2,0.0,0.5,0.55,26.910962787533695,15.739718114386795
35,63.0,0.0,0.0025,1.1,1.3,0.14919793454824673,0.05685255391199802
36,126.0,0.15,0.0025,0.8,1.35,22.286358115362532,23.474567917241888
37,63.0,0.35,0.01,1.3,0.9,25.1556760272595,7.521204034121774
38,63.0,0.4,0.005,0.0,1.4,26.67050403888296,26.67050403888296
39,252.0,0.0,0.01,0.6,1.45,0.020439914888914973,0.008883622464877216
40,42.0,0.4,0.001,0.0,1.25,26.67050403888296,26.67050403888296
41,252.0,0.25,0.0,0.6,1.15,14.776151953312711,15.055682592557336
42,21.0,0.0,0.0,0.3,0.9,39.550649430365155,16.68134074343795
43,21.0,0.3,0.0025,1.4,1.2,11.570171398373343,15.787471813436111
44,126.0,0.4,0.0025,0.3,0.5,26.67050403895848,14.173012759979065
45,42.0,0.4,0.005,0.6,0.65,26.67050403895848,11.308665641714484
46,126.0,0.4,0.01,1.0,1.1,9.861655087564364,8.031747839215281
47,21.0,0.3,0.005,0.3,0.95,21.457399311037165,12.254634569668974
48,252.0,0.0,0.01,1.1,0.85,0.3545118899986542,1.529139960349857e-05
49,63.0,0.0,0.01,0.7,1.0,0.1000460607789569,0.002215648741511455
50,63.0,0.4,0.01,0.8,0.55,26.67050403895848,8.198426335223706
51,126.0,0.35,0.005,0.4,0.6,26.67050403895848,11.848731826790747
52,126.0,0.05,0.001,1.5,1.15,6.769690987309978,2.7219022240106883
53,126.0,0.0,0.01,1.4,0.7,4.595809721517264,5.513944300308775e-07
54,63.0,0.35,0.01,1.3,0.75,26.67050403895848,7.521204034121774
55,126.0,0.2,0.01,1.2,1.25,21.222601032476664,17.1154731226281
56,42.0,0.1,0.0025,1.4,1.45,28.716390013050127,22.105143182558482
57,21.0,0.1,0.001,0.9,1.4,41.25899358913986,41.22549061592428
58,126.0,0.1,0.01,1.3,0.65,26.67050403895848,9.5376629917547
59,126.0,0.35,0.01,0.9,1.45,8.41103986538022,8.41103986538022
60,42.0,0.1,0.0025,0.3,0.95,23.925831574653674,14.173012759979065
61,252.0,0.15,0.0,0.0,0.5,26.67050403895848,26.67050403888296
62,21.0,0.3,0.01,1.4,1.05,17.610409412764035,9.926558253873369
63,63.0,0.35,0.0,0.2,1.25,16.91368960465657,17.341867154665334
64,126.0,0.2,0.01,1.2,1.15,21.05242379233436,17.1154731226281
65,252.0,0.25,0.0,0.7,1.25,14.980388602747444,14.980388602747444
66,42.0,0.3,0.001,1.0,1.2,13.803225985232524,13.413389477021257
67,42.0,0.0,0.005,0.5,0.6,32.00927828166256,0.5261855272512508
68,252.0,0.2,0.0,1.3,1.1,40.05548058345143,37.06163034865077
69,126.0,0.3,0.001,0.9,1.15,14.6255525309231,14.013361474990178
70,252.0,0.15,0.0,1.2,1.25,47.62056656795498,47.85090196211719
71,126.0,0.15,0.0,0.8,0.5,26.67050403895848,27.612147643607134
72,126.0,0.4,0.0025,1.0,0.95,28.693158782114992,12.316200047811606
73,252.0,0.4,0.001,0.9,0.8,26.67050403895848,14.013361474990178
74,63.0,0.4,0.01,1.1,0.9,24.66229885102196,7.973228152908357
75,63.0,0.2,0.0,0.3,0.6,26.67050403895848,16.391636991347465
76,21.0,0.3,0.005,0.2,1.3,13.078544856052208,12.94065701754558
77,126.0,0.4,0.005,0.6,0.8,26.67050403895848,11.308665641714484
78,42.0,0.3,0.0025,0.3,1.1,14.251043687450732,14.173012759979065
79,126.0,0.1,0.0025,1.5,1.25,26.259096093877044,16.825489547495227
80,42.0,0.15,0.0,0.4,1.25,15.820985950041434,15.81086188524006
81,42.0,0.35,0.005,1.1,1.05,13.703387791218294,10.66477469347974
82,63.0,0.1,0.01,1.5,1.35,9.102804950186153,4.945664535867823
83,252.0,0.25,0.0,1.2,0.75,26.67050403895848,21.4867045835726
84,21.0,0.25,0.01,1.1,0.9,23.44111771256981,8.76547333370271
85,126.0,0.1,0.0,1.0,1.4,39.18057815386033,51.28249097304204
86,252.0,0.1,0.005,1.1,1.35,29.142792457080613,24.5692254448371
87,252.0,0.2,0.01,0.3,1.1,9.91738026933532,9.161608913910522
88,126.0,0.25,0.005,1.5,0.55,26.67050403895848,21.932865799199487
89,63.0,0.4,0.001,0.7,1.35,14.301713210740148,14.151192442042436
90,252.0,0.3,0.0025,1.4,1.2,16.130339825971628,15.787471813436111
91,63.0,0.25,0.0,1.4,0.6,26.67050403895848,32.885672607078085
92,252.0,0.25,0.0025,1.5,0.8,26.67050403895848,26.995540510328226
93,126.0,0.05,0.01,0.1,0.85,26.724727137416803,9.634608876133349
94,42.0,0.1,0.01,1.2,1.1,19.72066276700232,11.787140816305318
95,21.0,0.2,0.0025,0.2,1.35,15.078658353168226,14.980521441223983
96,42.0,0.4,0.005,0.0,1.45,26.67050403888296,26.67050403888296
97,63.0,0.0,0.005,0.4,0.9,10.438018377445376,1.3467176067594897
98,252.0,0.0,0.0,0.5,0.7,26.67050403895848,7.778404301965615
99,42.0,0.35,0.005,1.1,0.75,26.749223800151377,10.66477469347974
