,Beta Range,Alpha,Gamma,Eta,Max Risk,Wealth
0,252.0,0.2,0.001,1.1,1.15,35.626452589188354
1,252.0,0.3,0.005,0.5,0.75,26.67050403895848
2,126.0,0.1,0.001,0.7,1.4,43.8651961122066
3,42.0,0.1,0.005,0.9,0.8,48.4438989725963
4,63.0,0.1,0.0,1.2,1.35,45.82790137483267
5,42.0,0.2,0.005,0.4,1.4,11.735388757076894
6,63.0,0.4,0.0025,1.4,1.3,11.67165405224574
7,126.0,0.2,0.0025,1.2,0.75,26.67050403895848
8,126.0,0.1,0.005,1.4,0.85,34.34534381579819
9,21.0,0.25,0.001,0.4,1.15,15.27815159152846
10,21.0,0.2,0.0025,1.2,0.75,45.206291441184035
11,21.0,0.15,0.001,1.4,1.4,41.494140709860325
12,252.0,0.1,0.0,0.9,0.8,26.67050403895848
13,63.0,0.2,0.001,1.3,0.8,29.83808400136574
14,21.0,0.15,0.01,1.3,1.45,19.08865160958965
15,42.0,0.1,0.005,0.9,1.4,22.339704039556114
16,63.0,0.0,0.005,1.2,0.95,0.12624785163526325
17,126.0,0.35,0.01,1.0,0.95,25.23194282665421
18,252.0,0.3,0.0025,0.7,0.85,26.67050403895848
19,42.0,0.15,0.01,1.4,1.45,14.245349410401353
20,126.0,0.05,0.005,0.0,1.4,26.67050403888296
21,21.0,0.3,0.01,0.4,0.85,25.95630842009935
22,21.0,0.0,0.005,1.2,0.5,8.55687548363838
23,42.0,0.2,0.005,0.1,1.1,13.622754906033322
24,252.0,0.3,0.0025,0.2,1.3,14.980521441223983
25,252.0,0.4,0.005,0.1,1.0,20.414094404943533
26,21.0,0.4,0.001,1.2,1.4,13.294767569925774
27,63.0,0.0,0.005,0.6,1.1,1.0533575410387996
28,42.0,0.35,0.005,1.3,0.55,26.67050403895848
29,21.0,0.1,0.001,0.9,0.55,52.90893343675525
30,42.0,0.05,0.001,1.3,1.05,13.578228813978283
31,126.0,0.05,0.01,1.2,1.45,2.5134030357172095
32,42.0,0.35,0.005,1.5,0.6,26.67050403895848
33,126.0,0.4,0.01,0.6,0.85,26.714824016214926
34,42.0,0.15,0.005,0.7,1.05,16.538438948027448
35,21.0,0.0,0.001,0.7,0.75,21.926740355952322
36,21.0,0.3,0.0,1.4,0.75,38.05870650430349
37,252.0,0.4,0.0,0.4,0.7,26.67050403895848
38,21.0,0.35,0.005,0.4,0.85,27.035755357294587
39,252.0,0.2,0.001,0.3,1.35,15.465304217868885
40,252.0,0.3,0.0025,0.5,0.65,26.67050403895848
41,252.0,0.25,0.005,1.1,0.95,25.39420059515753
42,126.0,0.1,0.0025,0.9,1.0,40.89194155820728
43,126.0,0.2,0.005,0.9,0.95,24.973005299682
44,42.0,0.2,0.005,0.7,0.85,26.613136299737914
45,42.0,0.25,0.001,0.1,0.8,26.50679037354571
46,126.0,0.2,0.01,0.1,0.55,26.67050403895848
47,42.0,0.25,0.005,0.0,1.05,26.67050403888296
48,42.0,0.0,0.005,0.5,1.05,3.106681702065482
49,126.0,0.4,0.0025,1.4,1.25,11.937052833372661
50,42.0,0.4,0.005,0.6,1.1,13.056564673942573
51,252.0,0.4,0.001,1.3,0.8,26.67050403895848
52,63.0,0.2,0.0025,0.9,0.9,26.66109995513487
53,252.0,0.25,0.0025,0.2,0.85,26.67050403895848
54,252.0,0.15,0.001,0.0,1.3,26.67050403888296
55,126.0,0.2,0.01,1.1,1.0,27.509037970668754
56,42.0,0.05,0.01,1.5,1.1,1.317155593368038
57,126.0,0.05,0.0,0.0,0.9,26.670504038885877
58,21.0,0.1,0.0025,1.4,1.3,35.74616399239825
59,42.0,0.1,0.0025,0.2,0.95,24.553799423314295
60,21.0,0.2,0.001,1.3,0.9,54.819733048175614
61,21.0,0.0,0.01,1.2,1.05,0.0025158686997812318
62,21.0,0.35,0.0,1.2,0.55,26.893403823484487
63,63.0,0.15,0.001,0.3,0.9,27.625098657010142
64,42.0,0.15,0.0025,0.6,0.9,29.686842825019536
65,126.0,0.35,0.0025,1.2,1.1,12.598915914059964
66,252.0,0.05,0.01,0.1,0.65,26.67050403895848
67,252.0,0.25,0.01,0.2,1.45,9.656285123224825
68,252.0,0.4,0.01,1.2,0.95,23.728886163308193
69,42.0,0.35,0.0025,0.3,1.45,14.065948084941697
70,42.0,0.2,0.01,0.2,1.4,9.573863834026344
71,252.0,0.3,0.0025,0.8,1.3,12.580959352056569
72,126.0,0.05,0.005,1.4,0.5,26.67050403895848
73,21.0,0.15,0.001,0.0,1.35,26.67050403888296
74,63.0,0.35,0.0,0.2,1.25,16.91368960465657
75,42.0,0.4,0.001,1.2,1.4,13.336016391215882
76,252.0,0.3,0.0,1.1,1.0,25.34505245748609
77,126.0,0.25,0.001,0.9,1.45,13.922754796608174
78,63.0,0.3,0.0,1.5,0.8,26.499697614956045
79,42.0,0.05,0.001,0.8,0.55,34.39207341042408
80,63.0,0.25,0.0,1.0,0.8,26.39508164984028
81,63.0,0.1,0.005,0.2,1.2,12.63166914148586
82,42.0,0.05,0.005,1.2,0.8,28.5249050926523
83,63.0,0.25,0.0025,0.2,0.8,26.39633103744535
84,126.0,0.4,0.0,0.7,1.15,15.198364913056714
85,126.0,0.0,0.01,0.3,0.85,15.587962500159401
86,126.0,0.2,0.0,0.5,1.45,15.739718114386795
87,126.0,0.35,0.0025,0.5,0.9,27.758773070374602
88,42.0,0.2,0.0025,0.6,1.4,13.091671595661236
89,126.0,0.0,0.001,1.3,0.6,22.446881300156004
90,21.0,0.35,0.0025,1.0,1.45,12.48465123122033
91,126.0,0.1,0.0,1.2,0.8,26.67050403895848
92,252.0,0.15,0.0,1.4,0.7,26.67050403895848
93,42.0,0.2,0.0025,0.8,0.9,30.947314913808256
94,252.0,0.3,0.0025,0.5,1.25,13.627872283419194
95,21.0,0.4,0.005,0.8,0.75,28.28034519366028
96,126.0,0.4,0.001,0.1,0.95,28.296928377056094
97,252.0,0.3,0.001,0.9,1.45,14.013361474990178
98,63.0,0.3,0.0025,0.6,0.75,26.67050403895848
99,252.0,0.15,0.0,1.3,1.1,41.90750754637458
