,Beta Range,Alpha,Gamma,Eta,Max Risk,Wealth
0,252.0,0.05,0.01,1.1,1.05,10.877782106965924
1,21.0,0.0,0.0025,0.4,1.3,6.393761445057574
2,126.0,0.1,0.0025,0.9,0.95,53.96001021926009
3,126.0,0.05,0.0,1.1,0.6,26.67050403895848
4,21.0,0.05,0.0025,0.4,0.75,34.78797658062111
5,126.0,0.2,0.005,0.3,0.7,26.67050403895848
6,252.0,0.3,0.005,1.5,0.8,26.67050403895848
7,42.0,0.4,0.001,0.5,1.1,15.574727448317748
8,252.0,0.3,0.005,0.4,0.8,26.67050403895848
9,63.0,0.1,0.005,1.5,0.95,30.485903062033884
10,252.0,0.15,0.01,0.4,0.7,26.67050403895848
11,42.0,0.35,0.005,0.5,0.7,26.413024250471175
12,42.0,0.0,0.005,0.8,1.45,0.1178321708516323
13,126.0,0.05,0.001,0.3,1.35,19.183823902536403
14,126.0,0.0,0.0,0.1,1.05,30.348919544095708
15,21.0,0.35,0.0025,0.8,0.8,28.18305359298634
16,63.0,0.25,0.005,1.4,1.45,25.563614123581385
17,42.0,0.2,0.005,0.1,1.0,18.719945030769043
18,21.0,0.25,0.005,1.4,0.85,39.95128542467116
19,63.0,0.3,0.001,1.4,1.35,18.5667444650063
20,252.0,0.0,0.0,0.7,1.05,5.520161434293524
21,42.0,0.25,0.0025,0.3,0.8,26.439908945787984
22,252.0,0.05,0.01,1.2,1.45,2.6050661313242136
23,252.0,0.1,0.001,0.9,0.95,65.65112903260585
24,252.0,0.15,0.005,0.9,0.7,26.67050403895848
25,42.0,0.35,0.0,0.1,0.75,26.824543545612826
26,126.0,0.4,0.005,0.4,0.5,26.67050403895848
27,21.0,0.0,0.005,1.1,1.35,0.01616981397159302
28,126.0,0.05,0.005,0.0,0.6,26.67050403895848
29,252.0,0.4,0.005,0.6,1.15,11.400872454456257
30,63.0,0.35,0.005,1.3,1.0,18.95903224819756
31,63.0,0.3,0.01,0.0,0.7,26.67050403895848
32,126.0,0.3,0.005,0.5,1.2,11.973857386304369
33,126.0,0.1,0.005,1.5,1.45,17.802036579114183
34,126.0,0.25,0.001,1.2,1.4,20.201599599039948
35,126.0,0.15,0.005,1.0,1.05,30.21793803114998
36,63.0,0.0,0.01,0.2,1.4,2.6996633909459358
37,63.0,0.35,0.005,1.5,1.15,13.896547151078796
38,21.0,0.15,0.0,1.2,0.5,59.597603956476554
39,63.0,0.35,0.005,1.1,1.0,17.57270100770815
40,126.0,0.15,0.01,1.5,0.65,26.67050403895848
41,252.0,0.3,0.005,1.5,1.35,14.842616964694908
42,252.0,0.25,0.001,0.0,1.05,26.67050403888296
43,42.0,0.25,0.0025,0.1,0.8,26.439738780706506
44,126.0,0.35,0.005,0.4,1.15,12.03186229691008
45,63.0,0.0,0.0025,1.4,0.75,2.6904575469264818
46,126.0,0.25,0.0025,1.2,1.1,23.78164564190505
47,252.0,0.25,0.0,0.3,1.25,16.391636991347465
48,63.0,0.1,0.0025,0.6,0.65,26.67050403895848
49,42.0,0.25,0.005,0.4,1.15,12.502483505599047
50,21.0,0.2,0.0,0.3,0.7,27.061954964343833
51,21.0,0.15,0.01,1.3,1.3,17.75584607076665
52,126.0,0.25,0.01,0.8,1.0,17.546653999366256
53,126.0,0.1,0.001,0.0,1.3,26.67050403888296
54,42.0,0.35,0.01,1.5,0.55,26.67050403895848
55,21.0,0.4,0.0025,0.6,0.5,26.800423120488116
56,252.0,0.2,0.001,1.0,1.05,28.414850361356248
57,126.0,0.3,0.001,0.6,1.45,14.218151970716796
58,63.0,0.15,0.0025,0.9,0.9,31.43808877716889
59,63.0,0.1,0.0025,0.3,0.6,26.67050403895848
60,126.0,0.1,0.001,0.6,0.65,26.67050403895848
61,21.0,0.25,0.0,1.2,0.85,30.261942389810034
62,63.0,0.35,0.005,1.1,0.5,26.67050403895848
63,252.0,0.4,0.005,1.1,0.9,27.14194836071709
64,63.0,0.25,0.001,1.2,0.95,28.16235608605631
65,63.0,0.4,0.01,0.8,1.25,8.259777888672717
66,42.0,0.35,0.001,1.5,0.9,26.924306194114656
67,21.0,0.15,0.0025,0.3,0.75,28.451974587551753
68,42.0,0.2,0.001,0.3,0.75,26.814387952083013
69,252.0,0.05,0.01,1.4,0.65,26.67050403895848
70,42.0,0.1,0.001,0.2,0.95,25.344200306349695
71,126.0,0.1,0.01,0.9,1.3,17.245150625095686
72,21.0,0.1,0.01,0.5,1.2,10.148468040009076
73,126.0,0.4,0.0,0.8,0.85,26.932941133929443
74,63.0,0.3,0.005,1.2,1.15,10.786548824084202
75,252.0,0.25,0.0025,1.4,0.65,26.67050403895848
76,126.0,0.4,0.0,0.3,0.95,28.740567040022484
77,21.0,0.25,0.0025,0.3,1.45,14.000230205148581
78,21.0,0.1,0.0025,0.5,1.1,18.427573730004223
79,21.0,0.4,0.0025,1.5,0.8,28.101185409533933
80,63.0,0.2,0.0025,0.0,0.5,26.67050403895848
81,126.0,0.0,0.001,0.0,1.35,26.67050403888296
82,21.0,0.35,0.01,1.5,0.9,24.291165017716512
83,252.0,0.05,0.001,0.4,0.85,26.67050403895848
84,42.0,0.4,0.001,1.1,0.6,26.67050403895848
85,126.0,0.3,0.0025,0.4,1.35,13.687197304501494
86,42.0,0.15,0.005,0.7,0.85,28.118694216479607
87,126.0,0.1,0.001,1.5,0.65,26.67050403895848
88,63.0,0.3,0.005,0.3,0.65,26.67050403895848
89,63.0,0.0,0.001,0.5,0.85,21.64351757129124
90,21.0,0.35,0.0,0.9,1.1,16.252785523801514
91,252.0,0.0,0.01,0.8,0.65,26.67050403895848
92,126.0,0.4,0.0025,1.3,0.85,26.73144614660672
93,21.0,0.25,0.0025,1.4,0.5,41.58315020275584
94,126.0,0.0,0.0025,0.2,0.8,26.67050403895848
95,63.0,0.35,0.005,0.9,1.45,11.16901346002369
96,126.0,0.3,0.001,0.4,0.95,28.822193939276335
97,252.0,0.15,0.01,0.0,0.85,26.67050403895848
98,42.0,0.05,0.005,1.4,1.4,3.6648909602685777
99,126.0,0.2,0.005,0.3,0.95,26.535036775240467
