,Beta Range,Alpha,Gamma,Eta,Max Risk,Wealth
0,63.0,0.35,0.01,0.6,0.95,20.448118517615338
1,21.0,0.3,0.005,0.1,1.25,13.276969215473446
2,21.0,0.15,0.005,0.9,0.9,38.0935199251843
3,21.0,0.1,0.0,0.3,1.1,16.20607674035433
4,252.0,0.1,0.001,0.3,1.3,15.465304217868885
5,252.0,0.2,0.0025,1.2,1.4,39.18527069216733
6,63.0,0.3,0.0025,1.3,1.05,17.6277409830931
7,21.0,0.4,0.001,0.8,0.75,28.539170226800547
8,63.0,0.2,0.005,0.1,0.55,26.67050403895848
9,21.0,0.2,0.0,0.1,1.0,20.20342226683924
10,21.0,0.2,0.0,0.0,0.8,26.670504038884765
11,21.0,0.4,0.005,0.1,1.25,13.276969215473446
12,42.0,0.05,0.005,0.8,0.55,34.35067419578126
13,63.0,0.05,0.01,1.2,0.65,32.45708439519719
14,252.0,0.0,0.001,0.5,0.65,26.67050403895848
15,252.0,0.15,0.005,0.1,1.1,13.107318513479148
16,252.0,0.05,0.0,1.4,0.75,26.67050403895848
17,63.0,0.1,0.01,0.7,0.9,32.843299690475405
18,252.0,0.3,0.005,1.1,0.5,26.67050403895848
19,252.0,0.15,0.005,1.3,1.25,28.344089809583352
20,252.0,0.15,0.005,0.6,0.5,26.67050403895848
21,63.0,0.3,0.0,0.3,0.85,26.70772616149321
22,42.0,0.2,0.001,0.6,0.8,26.49499475822924
23,252.0,0.3,0.001,1.2,1.35,12.89924500916592
24,63.0,0.4,0.01,1.5,0.55,26.67050403895848
25,42.0,0.1,0.0,1.2,1.25,46.15867723004437
26,126.0,0.2,0.01,0.4,1.05,13.487806271542091
27,21.0,0.3,0.005,0.3,0.55,26.895278777001213
28,252.0,0.15,0.005,1.1,0.55,26.67050403895848
29,21.0,0.3,0.001,0.0,0.5,26.670504038891806
30,63.0,0.35,0.001,0.2,0.9,27.629187190964096
31,63.0,0.1,0.0,0.3,0.55,26.67050403895848
32,42.0,0.1,0.0025,0.4,1.45,13.437420978788467
33,252.0,0.0,0.0,1.1,0.85,13.320333442217615
34,21.0,0.4,0.0025,0.8,1.35,12.379755524710388
35,252.0,0.4,0.0025,0.7,0.75,26.67050403895848
36,63.0,0.3,0.0025,1.0,1.25,12.290005317192094
37,252.0,0.0,0.005,1.1,1.1,0.02222676714088602
38,63.0,0.15,0.0025,1.5,0.8,41.339139429042504
39,63.0,0.15,0.001,1.4,0.6,32.20797449286551
40,21.0,0.3,0.01,0.8,1.0,14.758721214355829
41,252.0,0.05,0.01,0.6,1.0,27.114631558933944
42,63.0,0.0,0.001,1.2,1.45,0.36821131308464944
43,63.0,0.4,0.0025,0.5,1.15,13.726943184906492
44,21.0,0.15,0.001,0.1,0.6,27.53993802006779
45,126.0,0.2,0.01,0.6,1.15,9.521619271419823
46,252.0,0.4,0.0,0.8,1.35,14.511254120293705
47,63.0,0.3,0.0025,1.0,0.65,26.67050403895848
48,126.0,0.35,0.01,1.4,1.35,7.067598365485419
49,126.0,0.05,0.005,1.0,0.85,40.60979566576519
50,252.0,0.2,0.01,1.5,0.7,26.67050403895848
51,126.0,0.4,0.0,0.1,1.05,20.77876722833802
52,126.0,0.3,0.005,0.5,0.6,26.67050403895848
53,21.0,0.15,0.005,1.2,1.25,25.602605260456905
54,21.0,0.0,0.0,1.5,0.5,14.804834397249598
55,42.0,0.15,0.005,0.7,0.6,26.67050403895848
56,126.0,0.2,0.01,1.5,0.8,26.67050403895848
57,126.0,0.2,0.0,0.5,0.7,26.67050403895848
58,126.0,0.25,0.001,0.6,0.8,26.67050403895848
59,21.0,0.2,0.001,0.7,0.5,26.80344619451971
60,63.0,0.4,0.0025,1.0,0.85,26.3815108462996
61,252.0,0.2,0.0,0.9,0.5,26.67050403895848
62,42.0,0.2,0.0,0.7,0.95,26.549615594260434
63,63.0,0.3,0.005,1.5,0.9,31.151381463045777
64,63.0,0.1,0.01,0.6,1.05,21.635705627965393
65,63.0,0.35,0.001,1.5,0.5,26.67050403895848
66,252.0,0.4,0.001,1.2,1.1,14.066664581913573
67,21.0,0.15,0.0025,0.7,0.9,26.284437299316508
68,63.0,0.2,0.001,0.2,0.65,26.67050403895848
69,126.0,0.35,0.01,1.1,1.35,8.021616584397618
70,42.0,0.35,0.01,1.1,1.2,8.525417889371933
71,63.0,0.4,0.01,0.0,0.55,26.67050403895848
72,252.0,0.2,0.005,0.1,0.85,26.67050403895848
73,63.0,0.4,0.005,0.0,1.15,26.67050403888296
74,252.0,0.1,0.001,0.5,0.7,26.67050403895848
75,126.0,0.15,0.01,0.4,0.75,26.67050403895848
76,126.0,0.15,0.0025,1.1,1.2,36.44792555050635
77,126.0,0.05,0.005,0.1,1.3,12.976128052049914
78,21.0,0.2,0.0,0.1,1.45,17.354520659605996
79,252.0,0.4,0.001,1.1,1.2,13.43815389392878
80,126.0,0.25,0.0025,0.6,1.15,13.884595074589187
81,42.0,0.05,0.001,0.1,1.35,16.285764990425978
82,63.0,0.0,0.0,0.5,0.5,26.67050403895848
83,252.0,0.3,0.005,1.0,0.75,26.67050403895848
84,252.0,0.05,0.0025,0.7,1.0,36.197497045178245
85,63.0,0.25,0.01,0.0,0.95,26.670504038885017
86,126.0,0.3,0.0,0.7,0.95,29.42515517422956
87,252.0,0.3,0.005,0.5,1.05,12.664879712311773
88,252.0,0.0,0.0025,0.5,0.7,26.67050403895848
89,252.0,0.15,0.0,0.3,1.2,16.391636991347465
90,63.0,0.2,0.005,1.0,0.5,26.67050403895848
91,126.0,0.25,0.01,0.9,0.95,23.220277306475406
92,126.0,0.4,0.0,0.1,1.1,19.503400025788277
93,21.0,0.0,0.001,0.3,1.2,17.40059980018923
94,252.0,0.15,0.0,1.2,0.5,26.67050403895848
95,63.0,0.35,0.01,0.7,0.85,26.280887192332134
96,21.0,0.35,0.001,1.1,1.35,13.565737996419427
97,42.0,0.0,0.01,1.5,0.8,0.02328923478288183
98,42.0,0.15,0.0025,1.5,0.75,33.44875289220787
99,42.0,0.1,0.01,1.3,0.6,31.883904152914727
