,Beta Range,Alpha,Gamma,Eta,Max Risk,Wealth,No Risk Wealth
0,21.0,0.2,0.0025,0.9,1.05,21.397208151166996,13.687855387873663
1,126.0,0.25,0.001,0.6,1.45,14.218151970716796,14.218151970716796
2,42.0,0.25,0.01,0.5,0.7,26.406580931418613,8.845278917011987
3,21.0,0.2,0.01,0.1,1.45,9.684861755907956,9.634608876133349
4,252.0,0.35,0.01,0.0,1.2,26.67050403888296,26.67050403888296
5,126.0,0.2,0.005,0.7,0.85,26.82388021075578,11.313940602774654
6,63.0,0.0,0.0,1.5,1.3,0.6113547551729379,0.282958897692201
7,126.0,0.25,0.0025,0.8,1.45,12.527283966930082,12.527283966930082
8,126.0,0.25,0.0,0.5,1.05,19.6588588746295,15.739718114386795
9,63.0,0.1,0.0025,0.8,1.0,39.661881583561744,37.25008754614812
10,252.0,0.35,0.01,1.5,0.6,26.67050403895848,8.46118555008044
11,21.0,0.25,0.001,0.9,0.65,26.778759850212367,13.922754796608174
12,252.0,0.2,0.01,0.4,0.95,23.59356971248432,8.879359369718419
13,252.0,0.15,0.001,0.4,0.75,26.67050403895848,14.924484349745137
14,42.0,0.4,0.005,1.1,0.65,26.67050403895848,10.601538355869593
15,252.0,0.4,0.0,0.8,1.0,21.884518904388642,14.511254120293705
16,126.0,0.0,0.0025,0.6,1.1,2.9554029807542923,1.0621232982266184
17,63.0,0.3,0.001,0.9,0.8,26.39297444910248,14.013361474990178
18,252.0,0.25,0.01,0.3,0.6,26.67050403895848,9.161608913910522
19,21.0,0.3,0.005,0.0,0.8,26.670504038884765,26.67050403888296
20,21.0,0.2,0.005,0.6,1.35,12.085994873127435,11.308665641714484
21,21.0,0.15,0.005,1.5,0.55,73.0825564544517,27.827972855117164
22,42.0,0.05,0.01,1.5,0.65,10.859667617439495,0.22273322320888866
23,21.0,0.2,0.0,0.6,0.7,27.06566974215319,15.055682592557336
24,126.0,0.35,0.0025,1.3,1.45,11.697100696911722,11.697100696911722
25,252.0,0.0,0.005,1.5,1.45,0.000507679967810418,0.00023231895135848675
26,126.0,0.1,0.0,1.5,0.75,26.67050403895848,25.303179225147943
27,126.0,0.0,0.0,0.6,1.1,7.757275896075784,5.227331201088845
28,21.0,0.4,0.0,0.9,1.4,14.837770042128456,14.831106900544576
29,126.0,0.15,0.001,0.7,0.5,26.67050403895848,16.091835422217834
30,63.0,0.2,0.01,1.2,1.4,19.234005622175573,17.1154731226281
31,42.0,0.2,0.0025,0.7,1.05,15.039293727899375,13.051948498888287
32,42.0,0.05,0.01,0.7,1.15,21.104003744739224,11.821848524194964
33,126.0,0.25,0.0025,0.3,0.6,26.67050403895848,14.173012759979065
34,126.0,0.25,0.001,1.1,1.3,14.920040349525589,14.920040349525589
35,252.0,0.0,0.0,1.1,0.8,12.630143962426237,0.8782102209525259
36,21.0,0.35,0.001,0.9,1.0,19.572516376261213,14.013361474990178
37,126.0,0.4,0.001,0.6,1.2,14.350040895505193,14.218151970716796
38,21.0,0.15,0.005,0.4,0.9,24.3859630775154,11.848731826790747
39,252.0,0.2,0.001,0.3,0.95,26.684603491200598,15.465304217868885
40,42.0,0.35,0.005,0.1,0.7,26.413307134492378,12.92739389973265
41,252.0,0.05,0.0,0.2,0.8,26.67050403895848,17.312070763396406
42,42.0,0.3,0.001,1.2,0.5,26.67050403895848,12.89924500916592
43,63.0,0.05,0.0,0.7,1.0,38.44578475212167,46.755905214902185
44,252.0,0.3,0.0025,0.5,0.6,26.67050403895848,13.627872283419194
45,21.0,0.15,0.0,1.3,1.45,46.19083706602147,44.36504270612174
46,126.0,0.4,0.01,1.2,1.25,7.968239147484458,7.972328975716785
47,63.0,0.2,0.001,1.1,0.75,26.67050403895848,33.096409749169915
48,21.0,0.25,0.0,1.0,0.65,29.395971165178533,14.224578731802524
49,252.0,0.25,0.005,0.1,1.1,13.107318513479148,12.92739389973265
50,126.0,0.4,0.005,1.1,1.45,10.601538355869593,10.601538355869593
51,126.0,0.4,0.001,1.4,0.7,26.67050403895848,13.03558846009112
52,126.0,0.25,0.001,0.9,1.35,13.922754796608174,13.922754796608174
53,252.0,0.25,0.0,0.7,0.5,26.67050403895848,14.980388602747444
54,252.0,0.15,0.01,1.2,0.75,26.67050403895848,14.298279375786654
55,63.0,0.0,0.001,0.1,1.15,23.617631917304525,22.335734905714165
56,21.0,0.15,0.001,1.5,0.55,81.43864295086478,47.10578173993495
57,63.0,0.35,0.001,0.5,1.35,14.979341366464599,14.858315941778974
58,63.0,0.35,0.005,0.6,0.55,26.67050403895848,11.308665641714484
59,42.0,0.15,0.01,0.3,0.65,26.67050403895848,9.161608913910522
60,252.0,0.1,0.0025,0.7,1.25,39.641555315181414,38.061379495731515
61,21.0,0.35,0.01,0.6,1.45,8.807003752625791,8.494069109894623
62,63.0,0.35,0.0025,0.1,0.75,26.67050403895848,14.974312478835303
63,63.0,0.05,0.001,1.1,1.45,19.017378328341458,11.1704305836732
64,63.0,0.15,0.0025,1.5,0.85,28.463825749102405,38.6683213333711
65,63.0,0.05,0.01,1.4,0.65,27.680494809633313,0.4249047512226209
66,252.0,0.35,0.005,0.5,0.55,26.67050403895848,11.799334687701482
67,252.0,0.25,0.001,0.0,1.0,26.67050403888296,26.67050403888296
68,63.0,0.1,0.001,0.8,0.9,52.06870337747058,44.042525740539936
69,42.0,0.1,0.0,0.4,1.2,15.547063234949835,15.862602553474487
70,126.0,0.15,0.0,0.0,1.3,26.67050403888296,26.67050403888296
71,42.0,0.35,0.0025,0.8,1.25,12.882629412178451,12.580959352056569
72,42.0,0.25,0.0,0.7,1.35,15.031737382845767,14.980388602747444
73,252.0,0.0,0.001,1.3,1.45,0.15633133844845135,0.14212966493540122
74,42.0,0.3,0.001,0.5,1.35,14.85613133684052,14.858315941778974
75,252.0,0.15,0.005,1.2,1.05,30.938651484523312,26.157927809676604
76,126.0,0.2,0.0025,0.4,0.6,26.67050403895848,13.687197304501494
77,252.0,0.3,0.0,0.4,1.2,15.81086188524006,15.81086188524006
78,126.0,0.1,0.0025,0.9,0.75,26.67050403895848,34.12207935553915
79,252.0,0.2,0.0025,0.2,0.95,26.144728368853343,14.980521441223983
80,252.0,0.15,0.0025,1.1,1.3,39.574173896969164,36.938163780674024
81,21.0,0.0,0.0025,1.4,0.95,0.44245977662482056,0.013128466338248188
82,252.0,0.25,0.001,0.9,0.9,27.47348116303626,13.922754796608174
83,63.0,0.0,0.0,1.3,1.2,1.341403849510253,0.50165571493283
84,63.0,0.1,0.0,0.8,0.8,29.26159828267031,49.24560668421982
85,63.0,0.05,0.001,1.0,0.55,26.67050403895848,15.725670792030892
86,126.0,0.35,0.005,0.8,1.0,19.659975575972293,10.907392841809562
87,42.0,0.3,0.01,0.1,1.05,12.680489613141011,9.634608876133349
88,63.0,0.25,0.001,0.7,1.2,13.843954910910751,14.151192442042436
89,21.0,0.35,0.005,0.4,0.75,28.28551702999682,11.848731826790747
90,63.0,0.0,0.0025,0.7,1.35,0.9964217964992326,0.547709364585936
91,63.0,0.15,0.0025,0.6,0.95,27.0871580727341,13.017400880010241
92,63.0,0.05,0.01,0.4,1.05,26.52432187886128,17.981974872737066
93,252.0,0.1,0.005,1.0,1.1,20.484979422776878,26.505322752658323
94,126.0,0.05,0.0,0.2,0.85,26.956107884274356,17.312070763396406
95,63.0,0.35,0.01,1.1,0.65,26.67050403895848,8.021616584397618
96,21.0,0.2,0.005,1.5,1.35,21.707930305610972,24.949393168896638
97,21.0,0.1,0.005,0.3,0.8,27.764489924151214,12.254634569668974
98,126.0,0.1,0.01,0.6,0.95,25.225257035908985,15.758606332169668
99,63.0,0.3,0.01,0.2,0.65,26.67050403895848,9.656285123224825
