,Beta Range,Alpha,Gamma,Eta,Max Risk,Wealth,No Risk Wealth
0,63.0,0.25,0.01,1.3,1.45,16.31783947693371,16.2316726221245
1,42.0,0.4,0.001,0.7,1.2,14.373115123708308,14.151192442042436
2,252.0,0.35,0.005,0.1,0.9,27.22195902736026,12.92739389973265
3,126.0,0.2,0.005,0.4,0.95,26.843240271958805,11.848731826790747
4,126.0,0.35,0.01,0.4,0.65,26.67050403895848,8.879359369718419
5,21.0,0.05,0.0025,0.9,0.65,57.932494175743756,18.284037343938945
6,252.0,0.1,0.01,0.5,0.6,26.67050403895848,10.699002997470732
7,63.0,0.15,0.001,0.9,0.65,26.67050403895848,37.46509106970812
8,63.0,0.15,0.01,0.5,1.25,8.661708587005583,8.902130484509987
9,126.0,0.0,0.005,0.2,0.5,26.67050403895848,6.114348175256578
10,252.0,0.1,0.01,0.3,0.7,26.67050403895848,9.161608913910522
11,21.0,0.15,0.0025,1.5,0.65,84.19543587541972,38.6683213333711
12,63.0,0.0,0.01,1.4,0.55,3.4409770911057125,5.513944300308775e-07
13,42.0,0.3,0.0,1.3,1.0,28.411599112213015,16.207511235363203
14,42.0,0.0,0.0,0.0,1.05,26.67050403888296,26.67050403888296
15,252.0,0.0,0.01,0.1,1.15,11.398190069100608,7.883161441154187
16,21.0,0.4,0.01,1.5,0.65,29.074298394744297,7.450243121116342
17,252.0,0.15,0.0,1.3,0.75,26.67050403895848,44.36504270612174
18,63.0,0.0,0.0025,0.4,1.0,10.80244645251158,4.018807539862104
19,21.0,0.4,0.0025,0.0,0.6,26.67050403888552,26.67050403888296
20,63.0,0.4,0.01,0.4,0.9,25.385647562676414,8.879359369718419
21,126.0,0.3,0.0,0.9,0.5,26.67050403895848,14.831106900544576
22,42.0,0.25,0.0025,0.8,0.55,26.67050403895848,12.527283966930082
23,21.0,0.4,0.0,0.3,1.4,16.207109753942166,16.391636991347465
24,63.0,0.4,0.0,0.3,1.05,17.76282371820361,16.391636991347465
25,21.0,0.3,0.01,0.6,1.15,9.763189879027342,8.494069109894623
26,126.0,0.2,0.0,0.6,0.8,26.67050403895848,15.055682592557336
27,63.0,0.1,0.001,0.8,1.1,42.08998586018297,44.042525740539936
28,252.0,0.1,0.001,0.2,0.7,26.67050403895848,16.355675547818553
29,252.0,0.3,0.01,0.3,1.25,9.161608913910522,9.161608913910522
30,126.0,0.4,0.0,1.2,0.8,26.67050403895848,14.184349660350756
31,126.0,0.0,0.001,1.5,1.35,0.12702998899663742,0.06838065115481809
32,42.0,0.0,0.0,1.2,0.65,18.31137718021673,0.6628381081658067
33,21.0,0.4,0.001,0.2,0.8,28.287423214651913,16.355675547818553
34,42.0,0.2,0.0,0.2,1.4,17.189413649004102,17.341867154665334
35,42.0,0.2,0.0025,0.2,1.25,15.174376635877271,14.980521441223983
36,63.0,0.1,0.0025,1.4,0.55,31.613213978534635,22.105143182558482
37,252.0,0.05,0.01,0.7,0.95,32.687714464730284,11.821848524194964
38,21.0,0.4,0.01,1.5,0.65,29.074298394744297,7.450243121116342
39,21.0,0.1,0.0,0.4,0.6,27.550877612771608,15.862602553474487
40,126.0,0.3,0.0,1.4,1.2,23.933538256988154,18.428065160735155
41,63.0,0.15,0.0,1.5,1.05,34.572038320218034,53.7301331607548
42,126.0,0.3,0.0025,0.4,1.1,17.040921417222968,13.687197304501494
43,126.0,0.3,0.01,0.4,1.4,8.879359369718419,8.879359369718419
44,252.0,0.05,0.005,0.7,0.5,26.67050403895848,23.51158283657195
45,252.0,0.1,0.0025,0.3,0.85,26.67050403895848,14.173012759979065
46,63.0,0.0,0.0025,1.2,0.5,21.562632297108603,0.03475437160934552
47,126.0,0.0,0.01,0.1,1.4,8.251965451902056,7.883161441154187
48,63.0,0.0,0.001,0.8,0.55,26.67050403895848,1.0469016338924806
49,42.0,0.35,0.0025,0.1,0.55,26.67050403895848,14.974312478835303
50,126.0,0.3,0.005,1.4,0.55,26.67050403895848,13.525189667305868
51,126.0,0.0,0.005,0.9,0.9,1.1500215713863635,0.01668262441558075
52,126.0,0.1,0.0025,1.4,1.25,30.19119187659076,22.105143182558482
53,126.0,0.05,0.0025,0.5,1.45,43.30472917057317,36.329565109237805
54,252.0,0.1,0.005,0.3,0.9,27.2284970913173,12.254634569668974
55,252.0,0.4,0.001,0.9,1.4,14.013361474990178,14.013361474990178
56,63.0,0.0,0.005,0.9,0.75,6.561268432847338,0.01668262441558075
57,126.0,0.35,0.005,1.4,1.2,10.226615009924,9.51183787469704
58,21.0,0.1,0.0025,0.6,1.1,26.13634673109333,26.486532122404423
59,42.0,0.35,0.005,0.0,1.25,26.67050403888296,26.67050403888296
60,126.0,0.1,0.0025,0.4,1.25,13.72248588434766,13.722949702884488
61,63.0,0.25,0.0025,0.9,0.6,26.67050403895848,12.78437045960182
62,42.0,0.1,0.01,1.0,0.8,31.72306178236367,13.698025818409624
63,21.0,0.4,0.005,0.5,1.3,12.492558267414122,11.799334687701482
64,21.0,0.15,0.01,1.2,1.2,20.51461063443055,14.298279375786654
65,63.0,0.15,0.01,1.5,1.3,18.75209465524883,14.411215512692735
66,252.0,0.15,0.0,1.3,0.9,29.933640097939666,44.36504270612174
67,42.0,0.1,0.005,0.1,1.45,12.895862144837237,12.92739389973265
68,252.0,0.0,0.005,1.1,0.5,26.67050403895848,0.0036751557392833614
69,42.0,0.15,0.0025,0.9,0.95,44.85955355164488,33.33549990904612
70,42.0,0.0,0.01,0.5,0.95,1.090324112556297,0.035545393435873235
71,252.0,0.15,0.0,0.1,1.05,16.913176453823723,17.345271812609003
72,126.0,0.4,0.0025,1.3,0.95,25.20533086592609,12.100471721395616
73,21.0,0.0,0.005,0.7,1.25,0.32634745770379997,0.0873268945219845
74,21.0,0.35,0.005,0.0,0.85,26.670504038884765,26.67050403888296
75,126.0,0.2,0.01,0.7,0.95,24.78612341889014,8.501315212982377
76,21.0,0.35,0.0,0.6,1.25,15.563451340563848,15.055682592557336
77,63.0,0.05,0.0025,0.8,1.05,24.766697067638898,25.24417595628286
78,252.0,0.05,0.0,0.7,0.8,26.67050403895848,46.755905214902185
79,252.0,0.1,0.005,0.7,0.65,26.67050403895848,30.30951772109087
80,21.0,0.4,0.001,0.6,0.65,26.777424857562906,14.218151970716796
81,252.0,0.05,0.0,0.9,0.8,26.67050403895848,27.092245248906842
82,126.0,0.2,0.001,0.3,1.0,22.221368186772256,15.465304217868885
83,252.0,0.15,0.0,0.9,0.55,26.67050403895848,40.49853894800865
84,252.0,0.15,0.005,1.0,1.2,33.432440222355325,29.923482706951486
85,63.0,0.0,0.005,0.2,1.3,7.797163857033056,6.114348175256578
86,63.0,0.2,0.005,0.5,0.7,26.67050403895848,11.799334687701482
87,252.0,0.15,0.0025,0.9,0.55,26.67050403895848,33.33549990904612
88,21.0,0.3,0.0,0.9,1.3,14.2456419646033,14.831106900544576
89,126.0,0.15,0.001,1.5,0.95,56.32484629076724,47.10578173993495
90,63.0,0.05,0.0,1.0,0.85,41.41133119617663,18.673911429392014
91,21.0,0.1,0.01,0.8,0.65,46.12701821983681,16.120057481313484
92,63.0,0.4,0.005,0.2,1.0,20.67149393638081,12.94065701754558
93,252.0,0.05,0.0,0.3,1.2,20.539387467079404,20.248438786382714
94,63.0,0.25,0.0,0.9,0.65,26.67050403895848,14.737440734444123
95,63.0,0.1,0.0,0.4,1.25,15.249520248763517,15.862602553474487
96,126.0,0.0,0.001,0.0,1.3,26.67050403888296,26.67050403888296
97,252.0,0.2,0.005,1.1,1.35,26.565220038067505,24.8287986056636
98,42.0,0.25,0.0,0.5,0.65,26.67050403895848,15.739718114386795
99,63.0,0.0,0.005,0.4,0.6,26.67050403895848,1.3467176067594897
