,Beta Range,Alpha,Gamma,Eta,Max Risk,Wealth,No Risk Wealth
0,126.0,0.4,0.0,0.5,1.4,15.739718114386795,15.739718114386795
1,252.0,0.3,0.0025,1.4,1.25,16.38736917827941,15.787471813436111
2,42.0,0.05,0.01,0.8,1.0,19.68792946058242,8.459515097852304
3,42.0,0.2,0.005,0.1,0.75,26.77060012130105,12.92739389973265
4,63.0,0.15,0.0,1.1,1.1,45.15997902629372,48.43470143593419
5,126.0,0.25,0.01,0.0,0.5,26.67050403895848,26.67050403888296
6,63.0,0.1,0.001,0.6,1.4,30.935347207779557,29.384877396451586
7,126.0,0.15,0.0025,0.9,1.4,32.591924578370154,33.33549990904612
8,126.0,0.4,0.001,1.4,0.6,26.67050403895848,13.03558846009112
9,42.0,0.0,0.01,0.5,0.7,3.9115941116708743,0.035545393435873235
10,126.0,0.25,0.001,1.5,1.4,38.95182392828812,30.57793118129964
11,126.0,0.05,0.01,1.0,0.5,26.67050403895848,3.3483623253679187
12,63.0,0.0,0.0025,0.0,1.35,26.67050403888296,26.67050403888296
13,42.0,0.35,0.0,1.4,1.45,12.636103086417247,12.801173497370671
14,42.0,0.4,0.005,0.7,1.4,11.333124042125526,11.268608690338477
15,21.0,0.1,0.0025,0.8,0.7,46.264531437803825,37.25008754614812
16,63.0,0.05,0.0025,1.1,1.45,15.399726895085854,8.425901412261336
17,42.0,0.3,0.01,0.6,1.05,11.704904136421696,8.494069109894623
18,252.0,0.2,0.0025,0.5,1.4,13.627872283419194,13.627872283419194
19,126.0,0.05,0.0025,0.1,1.1,17.55260583292504,14.974312478835303
20,21.0,0.25,0.005,0.4,0.6,27.50185592799672,11.848731826790747
21,252.0,0.15,0.01,1.2,1.45,18.974282890319035,14.298279375786654
22,252.0,0.2,0.0,0.0,1.15,26.67050403888296,26.67050403888296
23,21.0,0.0,0.005,0.3,0.55,32.806330753871585,3.1497948899056256
24,21.0,0.0,0.005,0.7,1.45,0.2978021050863287,0.0873268945219845
25,252.0,0.4,0.001,0.5,1.35,14.858315941778974,14.858315941778974
26,63.0,0.2,0.0,1.1,1.4,34.014058794637826,35.56199060168454
27,252.0,0.3,0.005,1.3,1.35,11.991303142380321,11.991303142380321
28,252.0,0.0,0.001,0.0,1.05,26.67050403888296,26.67050403888296
29,126.0,0.1,0.001,1.5,1.0,47.079081293287246,21.49287711077706
30,21.0,0.05,0.01,1.5,0.7,16.256908352756707,0.22273322320888866
31,63.0,0.35,0.001,0.9,0.95,23.506501300602885,14.013361474990178
32,252.0,0.4,0.0,1.1,0.65,26.67050403895848,14.096040591596603
33,252.0,0.1,0.001,0.8,0.65,26.67050403895848,44.042525740539936
34,126.0,0.2,0.0,1.5,0.65,26.67050403895848,43.54066738550286
35,252.0,0.25,0.001,0.7,1.1,14.882533151174538,14.151192442042436
36,126.0,0.05,0.0,1.2,0.6,26.67050403895848,9.886729110500395
37,42.0,0.25,0.0025,1.2,0.85,31.956189837047265,18.416583675046304
38,63.0,0.35,0.001,0.7,1.45,14.151192442042436,14.151192442042436
39,42.0,0.3,0.0,0.3,0.8,26.55175543270886,16.391636991347465
40,252.0,0.4,0.01,1.4,0.9,26.720411855361238,7.711420540848721
41,126.0,0.3,0.0,0.6,1.45,15.055682592557336,15.055682592557336
42,63.0,0.2,0.005,0.5,1.3,11.859824084312145,11.799334687701482
43,63.0,0.1,0.0,0.8,1.1,45.144390459768324,49.24560668421982
44,21.0,0.2,0.01,0.6,1.15,9.763189879027342,8.494069109894623
45,252.0,0.2,0.0,0.7,0.5,26.67050403895848,15.056886903215096
46,63.0,0.1,0.0025,1.1,1.35,40.69304521089989,34.45153235113207
47,42.0,0.25,0.005,0.8,1.15,12.155148819097835,10.864037330282917
48,42.0,0.35,0.0,1.4,0.75,29.670023382870003,12.801173497370671
49,63.0,0.4,0.001,0.8,0.75,26.67050403895848,13.70593494392202
50,252.0,0.1,0.0,1.2,1.25,37.34699308163993,47.29777657153509
51,63.0,0.3,0.0,0.9,1.0,21.175168600391533,14.831106900544576
52,126.0,0.0,0.0,0.4,1.05,21.022751013045514,11.98998140549492
53,126.0,0.3,0.01,1.1,1.05,12.696314605160854,7.953319168424358
54,21.0,0.05,0.0025,0.9,0.9,51.98067527140699,18.284037343938945
55,126.0,0.25,0.005,1.3,0.85,26.682145130354286,23.012591065098714
56,42.0,0.15,0.01,0.4,1.15,9.782475894777042,8.879359369718419
57,126.0,0.3,0.01,0.0,1.45,26.67050403888296,26.67050403888296
58,63.0,0.05,0.0,0.4,1.05,44.37396637779791,42.4314767811219
59,42.0,0.0,0.005,0.3,1.45,3.853502007834438,3.1497948899056256
60,126.0,0.35,0.01,0.8,1.3,8.366615115358904,8.198426335223706
61,42.0,0.1,0.005,0.4,1.25,11.946103905149496,11.871862087869753
62,63.0,0.2,0.0025,0.3,0.6,26.67050403895848,14.173012759979065
63,42.0,0.15,0.001,1.2,0.6,33.477808385833065,42.40678914698006
64,252.0,0.05,0.005,1.5,0.6,26.67050403895848,0.8949941067102831
65,126.0,0.2,0.0,1.2,0.85,26.891576854177966,39.04438273392513
66,63.0,0.25,0.0025,0.2,0.85,26.618806424958244,14.980521441223983
67,126.0,0.3,0.01,1.3,0.7,26.67050403895848,8.87174092943093
68,63.0,0.0,0.0025,0.1,0.8,27.297767665558645,18.776869673197915
69,21.0,0.1,0.001,1.1,1.35,49.27178332135096,42.19817032443428
70,42.0,0.35,0.005,0.3,0.65,26.67050403895848,12.254634569668974
71,21.0,0.05,0.01,1.2,0.9,11.889491673353334,1.2569633237442883
72,63.0,0.3,0.0,0.1,1.4,17.318797274146732,17.345271812609003
73,21.0,0.0,0.001,0.0,0.8,26.670504038884765,26.67050403888296
74,42.0,0.3,0.0025,1.3,0.75,30.38122510348492,13.940947907777103
75,126.0,0.4,0.0025,0.1,0.5,26.67050403895848,14.974312478835303
76,252.0,0.4,0.001,0.1,1.2,16.354889926680194,16.354889926680194
77,42.0,0.3,0.0025,0.0,0.6,26.67050403895848,26.67050403888296
78,126.0,0.35,0.005,0.7,1.25,10.970928907839168,11.268608690338477
79,21.0,0.35,0.0025,1.4,1.3,11.39089068620433,11.034636100648552
80,42.0,0.1,0.005,1.0,1.35,25.86652322136435,26.505322752658323
81,63.0,0.3,0.001,0.1,1.35,16.35443349898379,16.354889926680194
82,126.0,0.05,0.0,0.8,1.35,31.941566520825063,36.341941267071725
83,126.0,0.15,0.0025,1.4,1.0,47.87040886362481,34.797583406400896
84,42.0,0.0,0.005,1.0,1.0,0.6307032621071854,0.007603400938521624
85,21.0,0.4,0.01,1.4,1.15,9.188427071138557,7.711420540848721
86,42.0,0.0,0.005,0.4,1.2,2.904337395026625,1.3467176067594897
87,126.0,0.4,0.0,1.5,1.3,13.513802390034124,13.503257481576084
88,21.0,0.35,0.005,0.1,0.95,21.49845296415498,12.92739389973265
89,42.0,0.2,0.005,1.1,0.95,37.57414267208775,24.8287986056636
90,42.0,0.0,0.0,0.9,0.85,13.65208047974703,1.655550850196134
91,126.0,0.4,0.005,1.5,0.85,26.530523721496536,10.030165167654323
92,252.0,0.0,0.0,0.4,1.15,15.77175665473932,11.98998140549492
93,63.0,0.35,0.005,0.7,1.1,13.01772866254351,11.268608690338477
94,42.0,0.25,0.0,1.4,0.5,26.67050403895848,32.885672607078085
95,63.0,0.2,0.0,0.2,1.05,17.62519232988842,17.341867154665334
96,126.0,0.15,0.005,1.0,1.25,29.358185965526502,29.923482706951486
97,126.0,0.2,0.0025,1.5,0.8,26.67050403895848,32.95954415091317
98,63.0,0.1,0.01,0.0,1.25,26.67050403888296,26.67050403888296
99,21.0,0.4,0.005,1.5,1.1,12.282988430278364,10.030165167654323
