,Beta Range,Alpha,Gamma,Eta,Max Risk,Wealth,No Risk Wealth
0,63.0,0.05,0.0025,0.8,0.95,30.114110861562544,25.24417595628286
1,21.0,0.25,0.01,1.2,1.3,9.404647210930223,11.596173040969331
2,252.0,0.4,0.0,0.6,0.75,26.67050403895848,15.055682592557336
3,42.0,0.4,0.0025,0.6,1.4,13.091671595661236,13.048383661842257
4,126.0,0.25,0.0025,0.5,1.05,18.058466844536877,13.627872283419194
5,42.0,0.1,0.0,1.2,0.5,36.625863317143455,47.29777657153509
6,42.0,0.3,0.0,0.6,1.05,16.5027768388123,15.055682592557336
7,126.0,0.35,0.005,1.1,0.65,26.67050403895848,10.66477469347974
8,21.0,0.3,0.01,1.5,0.95,29.8968165630565,12.45634355454376
9,252.0,0.1,0.005,0.4,1.2,11.871862087869753,11.871862087869753
10,252.0,0.3,0.01,0.9,0.85,26.67050403895848,8.41103986538022
11,126.0,0.2,0.0,0.9,1.15,17.743589828339484,15.816076382182956
12,63.0,0.1,0.005,0.0,0.65,26.67050403895848,26.67050403888296
13,42.0,0.4,0.005,0.1,1.2,13.534490680068899,12.92739389973265
14,126.0,0.15,0.001,1.1,1.35,39.299453736103004,43.459514828294914
15,63.0,0.05,0.0025,1.1,1.05,16.47859580058575,8.425901412261336
16,21.0,0.0,0.0025,1.5,1.25,0.051809418490202,0.008117675493700764
17,21.0,0.25,0.01,1.2,1.0,21.056215005152147,11.596173040969331
18,252.0,0.35,0.005,0.0,1.15,26.67050403888296,26.67050403888296
19,252.0,0.3,0.001,0.8,1.1,14.941467004908425,13.70593494392202
20,21.0,0.05,0.0025,1.2,0.7,51.19515960086824,5.904281130197619
21,21.0,0.35,0.0,0.3,1.25,16.60404482704313,16.391636991347465
22,126.0,0.15,0.01,0.7,1.0,19.04726778117107,9.524527007888146
23,63.0,0.1,0.0,1.4,1.45,40.15040364691842,32.48797344342916
24,126.0,0.15,0.005,1.5,0.75,26.67050403895848,27.827972855117164
25,42.0,0.4,0.01,0.9,1.0,17.492369040589203,8.41103986538022
26,252.0,0.2,0.01,1.5,0.95,41.75241454890672,14.295376175284687
27,21.0,0.2,0.005,0.6,0.65,26.714889740600928,11.308665641714484
28,21.0,0.0,0.0,0.7,0.5,33.089161673311565,3.432983129030734
29,63.0,0.0,0.0,1.2,1.15,2.175437149069598,0.6628381081658067
30,252.0,0.1,0.001,0.1,1.25,16.354889926680194,16.354889926680194
31,42.0,0.4,0.005,1.3,1.3,10.582005099613966,10.464444559127063
32,42.0,0.05,0.005,1.2,1.05,12.994189928660926,3.5257390336709062
33,42.0,0.0,0.001,0.1,1.15,22.035229484429045,22.335734905714165
34,63.0,0.0,0.0,0.6,1.1,7.968387150708372,5.227331201088845
35,21.0,0.3,0.01,1.3,0.5,26.76056555975452,8.87174092943093
36,21.0,0.15,0.0025,0.7,0.85,30.175404323495105,14.745067356490111
37,126.0,0.25,0.0,0.1,1.0,24.370138202563,17.345271812609003
38,21.0,0.05,0.0025,1.5,0.9,17.885719471816092,1.7936850606387889
39,21.0,0.2,0.005,1.5,1.2,22.320302725849196,24.949393168896638
40,126.0,0.35,0.001,0.7,1.0,22.79620234429018,14.151192442042436
41,21.0,0.05,0.0025,1.0,0.75,52.067502780880055,12.15245734009615
42,63.0,0.0,0.0,0.6,1.35,6.646215358546293,5.227331201088845
43,63.0,0.2,0.01,0.8,1.4,8.38962878689499,8.213867662265102
44,42.0,0.05,0.001,1.0,0.75,43.09568834050843,15.725670792030892
45,252.0,0.4,0.01,1.0,1.05,10.955609501426327,8.031747839215281
46,126.0,0.3,0.0,0.9,1.25,14.295571625390435,14.831106900544576
47,252.0,0.2,0.0025,0.6,1.3,13.048383661842257,13.048383661842257
48,63.0,0.05,0.0,0.3,0.6,26.67050403895848,20.248438786382714
49,42.0,0.1,0.0,0.5,0.75,28.420900125773652,19.266616322069375
50,126.0,0.35,0.0,1.3,1.25,13.693477260661579,13.552050972063368
51,252.0,0.4,0.005,0.9,1.0,17.294079283384704,11.16901346002369
52,252.0,0.3,0.0025,0.7,1.0,18.559391152961755,12.992642584486797
53,63.0,0.3,0.005,0.9,0.9,25.892530457711377,11.16901346002369
54,42.0,0.15,0.0,1.3,0.5,34.230116455166545,44.36504270612174
55,42.0,0.35,0.01,1.0,1.35,8.074557587450817,8.031747839215281
56,63.0,0.05,0.0025,1.3,1.45,6.576300254064552,4.2790325002813185
57,42.0,0.1,0.01,1.3,1.25,18.163300891472694,9.5376629917547
58,63.0,0.15,0.0,1.2,1.25,46.55726478790654,47.85090196211719
59,252.0,0.05,0.005,0.5,0.5,26.67050403895848,27.20964204554507
60,252.0,0.1,0.0,0.7,0.85,26.67050403895848,47.79534750009532
61,252.0,0.35,0.005,1.1,1.05,13.02911566194717,10.66477469347974
62,63.0,0.15,0.0025,0.3,0.9,27.269451989644274,14.173012759979065
63,126.0,0.2,0.001,1.0,1.4,23.54929224943567,23.54929224943567
64,252.0,0.05,0.001,0.7,0.5,26.67050403895848,40.750120604956415
65,252.0,0.0,0.0025,1.1,0.5,26.67050403895848,0.05685255391199802
66,42.0,0.05,0.0,0.5,1.3,42.00510583485001,48.505449171102
67,63.0,0.0,0.01,0.4,0.85,6.646512024125015,0.15112520688880954
68,42.0,0.4,0.0,1.3,0.65,26.67050403895848,13.992223743918846
69,21.0,0.1,0.0,0.7,1.45,42.8354469864443,47.79534750009532
70,21.0,0.4,0.0,1.2,1.2,14.571513676756766,14.184349660350756
71,63.0,0.35,0.0,1.1,0.55,26.67050403895848,14.178654863559098
72,21.0,0.4,0.005,0.3,0.6,27.50225571052242,12.254634569668974
73,21.0,0.4,0.0025,0.5,0.65,26.75283735838724,13.627872283419194
74,63.0,0.1,0.0025,0.8,0.85,31.16606710074643,37.25008754614812
75,126.0,0.2,0.001,1.3,1.35,40.07660167459386,33.85363792488709
76,42.0,0.4,0.005,1.3,1.25,10.720532117647048,10.464444559127063
77,21.0,0.15,0.001,1.2,1.3,32.57890518713,42.40678914698006
78,252.0,0.25,0.0,0.4,0.85,26.67050403895848,15.81086188524006
79,42.0,0.25,0.01,0.3,0.95,20.368759967599882,9.161608913910522
80,21.0,0.1,0.01,1.5,1.35,11.692449753787253,4.945664535867823
81,63.0,0.15,0.001,1.2,0.9,38.35232422828721,42.40678914698006
82,42.0,0.2,0.0,0.2,1.15,17.120550730929953,17.341867154665334
83,21.0,0.1,0.001,0.0,1.2,26.67050403888296,26.67050403888296
84,126.0,0.2,0.0025,1.3,0.85,26.73144614660672,29.55460735092313
85,252.0,0.25,0.0025,0.7,1.2,12.881420244345707,12.992642584486797
86,42.0,0.1,0.01,0.7,1.1,22.211151636038895,19.220063865450296
87,126.0,0.35,0.0,0.9,1.05,15.763400375486668,14.831106900544576
88,126.0,0.1,0.001,1.2,1.45,39.11070033367896,41.162923033248454
89,21.0,0.2,0.0,0.8,0.65,28.8365496249184,14.565881639750181
90,252.0,0.2,0.005,0.6,0.65,26.67050403895848,11.308665641714484
91,42.0,0.2,0.001,1.4,0.95,41.07451867512056,35.3759903789054
92,252.0,0.35,0.005,0.1,0.55,26.67050403895848,12.92739389973265
93,63.0,0.4,0.0,0.5,1.15,15.570479948215144,15.739718114386795
94,252.0,0.3,0.01,0.8,1.35,8.198426335223706,8.198426335223706
95,42.0,0.35,0.001,1.3,1.05,14.859327010547648,12.777165395751771
96,252.0,0.4,0.01,1.4,1.05,9.897773068919639,7.711420540848721
97,21.0,0.3,0.0025,1.3,1.45,11.143580686849509,13.940947907777103
98,21.0,0.05,0.005,0.4,0.85,37.35362412056873,27.6229730325457
99,21.0,0.15,0.005,1.3,1.0,33.97796719057492,23.24205092145373
