,Beta Range,Alpha,Gamma,Eta,Max Risk,Wealth,No Risk Wealth
0,126.0,0.35,0.0,0.1,0.65,26.67050403895848,17.345271812609003
1,126.0,0.0,0.001,0.9,0.85,6.793268813363207,0.6603099580219642
2,21.0,0.35,0.01,0.7,0.8,27.728748080963694,8.476393179387141
3,21.0,0.15,0.001,0.5,1.2,14.577918789984928,14.93536467138398
4,21.0,0.0,0.0,0.9,0.95,7.038000460853327,1.655550850196134
5,42.0,0.25,0.01,1.2,1.25,14.520420012787573,11.596173040969331
6,21.0,0.3,0.005,0.3,0.55,26.895278777001213,12.254634569668974
7,252.0,0.2,0.01,0.2,0.6,26.67050403895848,9.656285123224825
8,42.0,0.25,0.005,0.8,0.7,26.413400273199017,10.864037330282917
9,126.0,0.3,0.005,0.5,1.25,11.932165868225907,11.799334687701482
10,126.0,0.15,0.01,0.9,1.05,23.3049919960738,18.590467181264312
11,63.0,0.1,0.005,0.1,0.85,26.532469596851747,12.92739389973265
12,126.0,0.25,0.01,0.9,1.35,8.345291912842207,8.345291912842207
13,63.0,0.1,0.005,0.5,1.05,17.759417039015283,14.357467125555111
14,252.0,0.15,0.0,1.3,0.95,63.47252315492413,44.36504270612174
15,42.0,0.05,0.001,0.5,0.75,47.1851893249006,43.209500172710875
16,42.0,0.05,0.0,0.6,0.95,55.066184672480816,47.70177113736114
17,21.0,0.05,0.01,0.7,1.2,20.691290415634345,11.821848524194964
18,252.0,0.25,0.0,1.4,0.7,26.67050403895848,32.885672607078085
19,252.0,0.3,0.0025,1.4,0.95,30.495873279269027,15.787471813436111
20,126.0,0.15,0.0,1.0,0.6,26.67050403895848,47.35457206095767
21,63.0,0.25,0.005,1.3,1.4,22.038019863043452,23.012591065098714
22,21.0,0.25,0.005,0.1,0.6,27.50073494848529,12.92739389973265
23,21.0,0.1,0.0025,0.2,1.0,19.999560379929648,14.980521441223983
24,63.0,0.25,0.0,0.1,1.3,17.34775080058173,17.345271812609003
25,42.0,0.05,0.0025,0.0,0.55,26.67050403895848,26.67050403888296
26,63.0,0.05,0.0025,1.0,1.15,21.03915537712431,12.15245734009615
27,252.0,0.2,0.0025,0.3,0.85,26.67050403895848,14.173012759979065
28,126.0,0.25,0.001,0.1,0.75,26.67050403895848,16.354889926680194
29,42.0,0.05,0.001,0.6,0.8,58.22117918515816,41.851041776371076
30,42.0,0.3,0.001,0.1,0.7,26.41846075388587,16.354889926680194
31,126.0,0.0,0.0025,0.5,0.5,26.67050403895848,2.0234391945549803
32,42.0,0.05,0.005,0.9,0.85,31.915039051575192,12.339105395160434
33,126.0,0.3,0.01,1.0,1.4,8.024880229603733,8.024880229603733
34,63.0,0.35,0.01,1.2,0.5,26.67050403895848,7.935203908091634
35,63.0,0.25,0.001,1.4,0.75,30.00303903254841,30.446088718476712
36,252.0,0.05,0.0,0.9,0.95,53.48258025380657,27.092245248906842
37,63.0,0.2,0.0,0.7,1.15,15.070478656380457,15.056886903215096
38,42.0,0.25,0.005,0.9,0.55,26.67050403895848,11.090088595096013
39,63.0,0.3,0.0,0.5,0.95,24.477459569458553,15.739718114386795
40,252.0,0.0,0.001,1.3,0.85,1.2980622636229273,0.14212966493540122
41,42.0,0.3,0.005,1.3,1.05,16.74145506866314,11.991303142380321
42,21.0,0.25,0.01,1.3,1.45,12.904038888706141,16.2316726221245
43,42.0,0.2,0.01,0.1,1.0,16.31687105429961,9.634608876133349
44,126.0,0.35,0.0025,1.2,1.1,12.598915914059964,12.251547103138792
45,126.0,0.25,0.001,0.6,0.7,26.67050403895848,14.218151970716796
46,42.0,0.15,0.001,0.7,0.95,31.186812237581737,16.091835422217834
47,63.0,0.05,0.005,0.5,1.3,32.43236264531522,27.20964204554507
48,252.0,0.3,0.0,1.2,0.95,27.14721082531022,13.668786522168043
49,126.0,0.35,0.01,0.5,0.65,26.67050403895848,8.845278917011987
50,21.0,0.1,0.0025,1.2,1.05,50.07952819806407,33.41956575404562
51,21.0,0.25,0.01,0.1,1.3,9.86026757536633,9.634608876133349
52,63.0,0.15,0.001,0.0,0.55,26.67050403895848,26.67050403888296
53,21.0,0.25,0.001,0.1,0.5,26.806154453628395,16.354889926680194
54,63.0,0.15,0.0025,0.1,0.9,27.305607145702183,14.974312478835303
55,21.0,0.25,0.01,0.2,1.15,11.056211301077399,9.656285123224825
56,126.0,0.15,0.0025,1.5,0.7,26.67050403895848,38.6683213333711
57,63.0,0.0,0.0025,1.2,0.55,22.73109002958965,0.03475437160934552
58,126.0,0.15,0.001,0.0,0.9,26.670504038885877,26.67050403888296
59,42.0,0.3,0.0025,1.3,0.85,30.475886171941266,13.940947907777103
60,63.0,0.0,0.0025,0.0,0.75,26.67050403895848,26.67050403888296
61,126.0,0.1,0.001,1.4,1.05,47.22098244427353,27.85049597519364
62,126.0,0.4,0.0025,0.1,0.85,26.902834264238813,14.974312478835303
63,21.0,0.35,0.005,0.0,0.95,26.67050403888353,26.67050403888296
64,126.0,0.2,0.005,0.9,1.35,11.845962710864024,11.845962710864024
65,126.0,0.05,0.0025,1.1,0.9,31.764063265179693,8.425901412261336
66,63.0,0.0,0.01,1.3,0.6,2.707170211556278,1.6489412063043e-06
67,126.0,0.3,0.0025,0.6,1.0,20.45684392267236,13.048383661842257
68,126.0,0.35,0.01,0.2,0.8,26.67050403895848,9.656285123224825
69,126.0,0.05,0.005,1.5,0.95,5.414327355308005,0.8949941067102831
70,21.0,0.25,0.0,0.8,0.8,28.524455473540165,14.445114417454606
71,63.0,0.0,0.01,0.3,0.55,26.67050403895848,0.5944326354227206
72,21.0,0.1,0.01,0.5,1.35,9.53334154523277,10.699002997470732
73,21.0,0.0,0.0025,0.0,1.45,26.67050403888296,26.67050403888296
74,126.0,0.4,0.0025,0.2,0.9,27.740254476099715,14.980521441223983
75,42.0,0.0,0.001,1.2,0.85,5.329229507730195,0.2038615672815031
76,21.0,0.0,0.0,0.4,0.8,31.33893451349571,11.98998140549492
77,252.0,0.05,0.005,0.3,1.35,15.004802554362385,15.004802554362385
78,252.0,0.25,0.01,0.9,1.25,8.345291912842207,8.345291912842207
79,42.0,0.4,0.0025,1.4,1.15,12.185520757202427,11.943532594799924
80,42.0,0.05,0.001,1.5,0.65,23.01523680805388,2.7219022240106883
81,21.0,0.4,0.0025,1.1,0.5,26.78819060267742,12.22457644936186
82,63.0,0.25,0.001,1.4,1.0,38.10266777491238,30.446088718476712
83,21.0,0.3,0.001,0.8,1.25,14.03745959751443,13.70593494392202
84,42.0,0.1,0.0,0.6,1.4,33.93370144122751,31.491202385465137
85,42.0,0.35,0.0,1.5,0.5,26.67050403895848,15.450793889688915
86,21.0,0.05,0.005,0.7,0.7,54.14555704841546,23.51158283657195
87,42.0,0.3,0.005,0.6,1.2,11.951229814240353,11.308665641714484
88,42.0,0.0,0.005,0.1,0.7,26.07022290364121,14.06012600416057
89,126.0,0.2,0.001,1.2,0.5,26.67050403895848,35.95375895676805
90,126.0,0.15,0.0025,0.6,1.05,17.802757045703224,13.017400880010241
91,63.0,0.2,0.001,1.0,0.7,26.67050403895848,23.54929224943567
92,42.0,0.25,0.0025,1.5,0.95,42.57684935708111,26.995540510328226
93,126.0,0.2,0.0,0.7,0.85,26.94298844284398,15.056886903215096
94,252.0,0.0,0.005,0.6,0.7,26.67050403895848,0.21570407419420806
95,63.0,0.0,0.0025,0.5,0.8,23.500947864725138,2.0234391945549803
96,21.0,0.2,0.01,0.2,1.0,16.544701945606462,9.656285123224825
97,42.0,0.2,0.01,0.3,0.55,26.67050403895848,9.161608913910522
98,63.0,0.1,0.005,0.6,1.45,22.442486213826303,22.27709103420683
99,252.0,0.25,0.0,1.5,0.75,26.67050403895848,33.226506534653645
