,Beta Range,Alpha,Gamma,Eta,Max Risk,Wealth,No Risk Wealth
0,42.0,0.1,0.0025,11.0,0.55,0.7970786632051587,0.1134915853601378
1,21.0,0.0,0.005,30.0,1.4,0.001304581624634734,0.00021778564190470356
2,252.0,0.3,0.01,26.0,0.55,0.431996214568708,5.545671462274024e-05
3,63.0,0.0,0.0,28.0,0.85,0.6468139713464637,0.81434752533623
4,252.0,0.2,0.005,16.0,1.1,0.05571988194239759,0.01953155707300022
5,63.0,0.1,0.0,11.0,0.85,0.7335896609113708,0.6320072501380032
6,42.0,0.0,0.0025,30.0,0.85,0.21916973585773095,0.013774985413091407
7,252.0,0.1,0.0,23.0,0.5,1.0618514949063111,0.6919897513727844
8,63.0,0.2,0.0,18.0,0.75,0.6178778389731917,0.5980916373277042
9,126.0,0.2,0.01,23.0,1.15,0.0006260490442918643,2.5268249648963478e-05
10,21.0,0.1,0.001,27.0,1.35,0.29248523978822094,0.1864103172491819
11,252.0,0.2,0.0025,27.0,0.95,0.24625057094188227,0.0391312950836639
12,126.0,0.2,0.0,14.0,0.65,1.2054644047808039,0.6485962327777919
13,252.0,0.2,0.005,30.0,0.6,0.5094667584297218,0.0014162709908708097
14,21.0,0.2,0.001,24.0,0.85,0.46104242599535733,0.23142983972910197
15,63.0,0.0,0.005,13.0,1.15,0.008785801303047139,0.0013658389928068288
16,21.0,0.1,0.005,11.0,1.4,0.03942614215131913,0.020318035714463504
17,21.0,0.0,0.0025,8.0,0.9,0.20655628586560035,0.055026680918656715
18,252.0,0.2,0.01,30.0,1.1,0.00015786674806685276,2.680854118501041e-06
19,21.0,0.2,0.01,19.0,0.55,0.26353053172453367,0.00013028028167362435
20,252.0,0.0,0.005,31.0,1.45,0.0005290870063329351,0.0002059091747525766
21,63.0,0.2,0.01,23.0,0.9,0.010072892696027583,2.5268249648963478e-05
22,63.0,0.1,0.001,31.0,0.8,0.5020800444791608,0.18074057206555483
23,42.0,0.3,0.005,25.0,0.8,0.13315770919788505,0.00668269997664536
24,63.0,0.2,0.0,29.0,0.9,0.7300213367886849,0.7134918730967392
25,126.0,0.1,0.01,10.0,0.8,0.06543163241196666,0.0013110283099409077
26,126.0,0.0,0.0025,16.0,1.2,0.052385832868978084,0.022306189975173526
27,21.0,0.1,0.005,11.0,0.7,0.34168675364837425,0.020318035714463504
28,63.0,0.0,0.001,16.0,1.25,0.19792449079981866,0.16435570344826533
29,42.0,0.3,0.001,14.0,0.6,1.0540045934847793,0.4496747073388381
30,21.0,0.2,0.01,16.0,1.05,0.009948683849382226,0.0006056254726522106
31,42.0,0.3,0.005,28.0,1.35,0.015486288385119678,0.004249735005787465
32,126.0,0.3,0.005,24.0,1.05,0.03471777087985157,0.007850496021630439
33,126.0,0.3,0.0,21.0,0.5,1.5638718903431712,0.5555488015067505
34,21.0,0.0,0.005,15.0,0.5,0.512793820663494,0.0009320381929622755
35,21.0,0.2,0.005,15.0,0.7,0.4494175508193791,0.025960426407134987
36,252.0,0.0,0.001,17.0,0.8,0.5298981991105272,0.1620508276416045
37,21.0,0.2,0.01,12.0,1.15,0.023506505389587855,0.0059601894625797725
38,21.0,0.3,0.005,19.0,0.5,1.2961616209668385,0.026271992698211705
39,252.0,0.1,0.005,17.0,0.65,0.3824255447634359,0.0036697106574254887
40,42.0,0.3,0.01,25.0,0.6,0.12185157813688448,7.640463422052737e-05
41,42.0,0.2,0.005,9.0,1.1,0.40295108845130195,0.17335144399661298
42,126.0,0.3,0.0,30.0,0.7,0.6909030152633168,0.665744237234006
43,42.0,0.2,0.001,12.0,0.85,0.5482412051516494,0.4057843197162212
44,63.0,0.3,0.0,11.0,1.25,0.876489175337321,0.7798501427802638
45,63.0,0.2,0.01,29.0,0.75,0.013686470686310874,3.5510491711371348e-06
46,42.0,0.0,0.01,10.0,1.35,4.956963416317443e-05,1.2575141185700496e-05
47,63.0,0.2,0.005,22.0,1.1,0.027116092766928595,0.004917046757583236
48,252.0,0.3,0.01,26.0,1.0,0.004282742826002478,5.545671462274024e-05
49,21.0,0.0,0.005,27.0,0.6,0.2374559569099197,0.00026122844471351223
50,21.0,0.0,0.0025,24.0,0.8,0.18313748986282435,0.015622596551750367
51,252.0,0.0,0.005,31.0,1.4,0.0006046420503339933,0.0002059091747525766
52,126.0,0.3,0.0,18.0,0.65,0.9138335840414605,0.647935394974838
53,63.0,0.0,0.0025,14.0,0.95,0.16981549748094193,0.02605886494874524
54,126.0,0.2,0.001,20.0,1.4,0.307943757475553,0.25336836668653656
55,252.0,0.0,0.001,23.0,1.4,0.21793773868251168,0.15752429352355798
56,21.0,0.3,0.0025,23.0,0.9,0.24081585833294514,0.07163131871245533
57,42.0,0.0,0.0,24.0,0.5,0.7817787665420523,0.7381118920052944
58,21.0,0.3,0.001,18.0,0.75,0.9318323630580326,0.35995826552800875
59,126.0,0.1,0.001,23.0,1.3,0.2630958593030878,0.1975202826771181
60,21.0,0.2,0.005,27.0,0.6,0.36635243327159256,0.002172296488649054
61,63.0,0.2,0.0,23.0,0.5,1.1450980230614598,0.6491978218338841
62,21.0,0.3,0.001,26.0,1.15,0.3426310896204065,0.23672323841665774
63,42.0,0.3,0.001,18.0,0.5,1.2819373176271855,0.35995826552800875
64,21.0,0.0,0.005,24.0,1.2,0.0054623496898537375,0.00032636376175137653
65,21.0,0.0,0.01,8.0,1.3,0.00017168871688723257,3.917875828854235e-05
66,252.0,0.2,0.0025,17.0,1.0,0.2070612234561458,0.09316953017140317
67,126.0,0.1,0.001,23.0,0.65,0.48015184329661553,0.1975202826771181
68,21.0,0.2,0.0025,8.0,1.0,0.635129914478575,0.43719550839479615
69,21.0,0.3,0.01,8.0,1.25,0.4567323167393741,0.20133230840171454
70,126.0,0.0,0.01,14.0,0.9,0.0041985489276711,1.966784792798202e-06
71,252.0,0.2,0.0025,20.0,0.85,0.35925455373314846,0.0671065020146215
72,63.0,0.0,0.01,9.0,1.1,0.0004512521402131277,2.159619865406642e-05
73,126.0,0.3,0.001,19.0,0.7,1.1642070934716622,0.3335881937707289
74,42.0,0.0,0.01,28.0,0.55,0.05338714437233152,6.971090570751981e-08
75,63.0,0.3,0.0025,8.0,0.55,1.1661543900993483,0.5390685842242067
76,252.0,0.1,0.0025,27.0,1.3,0.04928477232638887,0.023770224390238175
77,126.0,0.0,0.001,18.0,0.95,0.44093881177882854,0.1599859006270561
78,63.0,0.2,0.001,28.0,0.5,0.7783765386366238,0.21666308843844412
79,126.0,0.1,0.001,8.0,1.2,0.49450469266379016,0.4191706531085415
80,63.0,0.1,0.0025,25.0,0.55,0.5865510024118256,0.02633453650327806
81,21.0,0.1,0.001,23.0,1.25,0.32917173677384337,0.1975202826771181
82,126.0,0.0,0.0025,28.0,1.1,0.036870268886756756,0.014235198400765614
83,42.0,0.3,0.005,12.0,0.9,0.41890864670202976,0.17022418353340835
84,42.0,0.1,0.005,30.0,0.85,0.08628351803661512,0.0005508090125070849
85,252.0,0.1,0.0025,11.0,1.05,0.20286762678491863,0.1134915853601378
86,21.0,0.1,0.01,24.0,0.7,0.04164030114873068,1.7124600256518105e-06
87,21.0,0.1,0.005,19.0,1.2,0.016457199131836804,0.0024719283548610416
88,21.0,0.3,0.0,15.0,0.55,1.7261616896051022,0.6533659729257192
89,63.0,0.3,0.01,25.0,1.45,0.00039488176279964016,7.640463422052737e-05
90,42.0,0.1,0.0025,13.0,0.85,0.2832319086599702,0.07821044539689595
91,42.0,0.2,0.005,9.0,0.85,0.44881538554603784,0.17335144399661298
92,252.0,0.1,0.001,11.0,0.7,0.8459115312843687,0.3181098756203653
93,252.0,0.0,0.0025,20.0,0.55,0.6456797455802563,0.01774093338685981
94,63.0,0.3,0.01,14.0,0.65,0.48283687891209287,0.012648571484321913
95,42.0,0.3,0.0,20.0,1.4,0.6892998608644546,0.5940361424472925
96,63.0,0.0,0.001,25.0,0.8,0.3368235184791734,0.1586889016766945
97,42.0,0.2,0.001,19.0,1.4,0.3170549835362792,0.25817716071014024
98,252.0,0.3,0.0025,30.0,0.85,0.3850405017363969,0.046774398186072014
99,42.0,0.1,0.01,21.0,1.2,0.00015080221215137864,4.51519676141965e-06
