,Beta Range,Alpha,Gamma,Eta,Max Risk,Wealth,No Risk Wealth
0,252.0,0.3,0.0,9.0,0.5,1.5446968140413129,0.7560965543686734
1,42.0,0.0,0.0025,9.0,1.25,0.08322524520232574,0.04780006430623246
2,63.0,0.2,0.0025,30.0,1.35,0.051398750715114044,0.03209222074481629
3,21.0,0.2,0.01,8.0,1.25,0.12287062072069976,0.0773937387870937
4,63.0,0.1,0.0025,17.0,1.15,0.07828904408564297,0.047709239936147486
5,252.0,0.3,0.01,21.0,0.75,0.1738344197340843,0.0003830488952851126
6,126.0,0.0,0.01,17.0,0.6,0.09531182556323332,7.170736551318472e-07
7,42.0,0.2,0.01,9.0,0.8,0.22152602850688435,0.04084996537200944
8,63.0,0.1,0.0,30.0,0.7,0.6478133921281995,0.7740300502750078
9,42.0,0.0,0.005,24.0,0.8,0.06904593674439512,0.00032636376175137653
10,126.0,0.0,0.005,9.0,1.35,0.005976916301789619,0.003689117707991379
11,252.0,0.1,0.005,8.0,1.1,0.13256087443630837,0.06410221551890907
12,42.0,0.3,0.01,27.0,1.15,0.0014467840603026522,3.952104225694628e-05
13,252.0,0.0,0.01,23.0,1.35,1.907908860675875e-06,1.6594557662396697e-07
14,252.0,0.2,0.001,29.0,0.85,0.5655514811725485,0.21179373328650739
15,63.0,0.1,0.01,12.0,0.9,0.01879617664862493,0.0003196121332358773
16,21.0,0.0,0.001,30.0,1.45,0.18484425726458756,0.1646627515446699
17,63.0,0.0,0.005,12.0,0.65,0.15304479041023483,0.0017133136927595736
18,63.0,0.2,0.0,8.0,1.45,0.8117673400519062,0.7777762803616531
19,126.0,0.2,0.005,13.0,0.85,0.23071215755983573,0.04659353245650476
20,252.0,0.2,0.001,25.0,1.1,0.2948923252658495,0.22744731842465424
21,252.0,0.1,0.0025,15.0,1.15,0.087742984975454,0.059769125243971134
22,126.0,0.2,0.01,28.0,1.0,0.0014433357752915408,4.796489215889624e-06
23,126.0,0.2,0.001,27.0,1.35,0.23190771238954871,0.22089173537725837
24,21.0,0.2,0.0,22.0,1.05,0.8246201060752166,0.6355644791263511
25,42.0,0.2,0.0,31.0,1.45,0.7549709680138249,0.7367375891830871
26,21.0,0.0,0.01,26.0,1.4,3.4457634811786834e-06,9.551944605999117e-08
27,126.0,0.1,0.01,23.0,0.95,0.003928276113137644,2.3252188039774103e-06
28,42.0,0.1,0.0,24.0,1.2,0.6198197017037229,0.7014364447867454
29,126.0,0.1,0.001,10.0,1.25,0.31797484817985516,0.3466420786051555
30,21.0,0.0,0.01,8.0,1.3,0.00017168871688723257,3.917875828854235e-05
31,42.0,0.3,0.01,12.0,1.35,0.07658758227947614,0.03796052961200864
32,252.0,0.0,0.001,26.0,0.85,0.555833436076448,0.1591006148692304
33,252.0,0.3,0.001,10.0,0.5,1.6371597040804018,0.6183309534177909
34,42.0,0.1,0.001,23.0,0.75,0.4525325073551981,0.1975202826771181
35,21.0,0.3,0.0025,17.0,0.95,0.517068608696202,0.16534929643071808
36,21.0,0.1,0.01,10.0,0.65,0.5200384888745018,0.0013110283099409077
37,126.0,0.3,0.005,28.0,0.9,0.09703365301161536,0.004249735005787465
38,21.0,0.3,0.0,13.0,1.1,0.8004206441025405,0.71916670056524
39,21.0,0.0,0.0,29.0,1.15,0.8309343216345296,0.835791863729568
40,42.0,0.2,0.01,10.0,1.0,0.1956840085712548,0.020866222986080787
41,126.0,0.3,0.005,11.0,0.85,0.6096937664372144,0.2198697291380528
42,42.0,0.1,0.0,27.0,0.95,0.7387225783850118,0.7342114049387607
43,126.0,0.3,0.005,23.0,1.2,0.030898538604911877,0.009399776580246832
44,21.0,0.3,0.0,13.0,1.2,0.7418785889842702,0.71916670056524
45,42.0,0.1,0.0025,15.0,0.6,0.7171214127026365,0.059769125243971134
46,252.0,0.2,0.005,16.0,1.1,0.05571988194239759,0.01953155707300022
47,42.0,0.2,0.001,16.0,1.35,0.4024176808951157,0.31143492111157
48,252.0,0.3,0.0025,30.0,1.35,0.0852172514811408,0.046774398186072014
49,63.0,0.0,0.01,27.0,0.5,0.11204565709536135,8.1273956198239e-08
50,252.0,0.3,0.01,16.0,1.05,0.030708586066465583,0.0045368429299839225
51,42.0,0.3,0.005,16.0,0.75,0.3717100369033799,0.05412276585259598
52,252.0,0.3,0.01,12.0,0.95,0.21656479871087364,0.03796052961200864
53,126.0,0.1,0.005,22.0,0.85,0.08433464006027923,0.0015012167216764349
54,252.0,0.3,0.001,22.0,0.75,0.8583828806254619,0.2523042861875711
55,126.0,0.3,0.01,11.0,0.9,0.22795360568026785,0.06181712614756502
56,126.0,0.2,0.001,21.0,1.15,0.27251462153799494,0.24668097316393528
57,126.0,0.2,0.001,26.0,0.55,0.9208885887123386,0.22293470162989945
58,63.0,0.0,0.0,16.0,1.35,0.6001845304530662,0.6211306318434505
59,252.0,0.3,0.005,31.0,0.85,0.14704217624345947,0.002861824381320763
60,126.0,0.1,0.0025,22.0,1.05,0.09368243134142751,0.03209635343327385
61,126.0,0.1,0.0025,20.0,0.8,0.2640814689945425,0.037217457876994875
62,252.0,0.3,0.005,28.0,1.0,0.045807026231781706,0.004249735005787465
63,126.0,0.0,0.005,10.0,0.65,0.22068598136180267,0.0028306214946015856
64,21.0,0.3,0.0,9.0,0.9,1.1985676566886758,0.7560965543686734
65,21.0,0.3,0.005,19.0,1.1,0.06805534296834545,0.026271992698211705
66,42.0,0.2,0.005,26.0,0.55,0.3810355673702245,0.0025031305024848967
67,126.0,0.1,0.005,27.0,1.05,0.008715954469534277,0.0007612513506432044
68,63.0,0.2,0.0,24.0,1.3,0.6662744613025171,0.6605256954713661
69,21.0,0.3,0.001,10.0,0.6,1.0361306980932952,0.6183309534177909
70,126.0,0.1,0.0025,16.0,1.0,0.13015742946024658,0.05252701479795092
71,21.0,0.1,0.0025,20.0,1.3,0.06768338903199016,0.037217457876994875
72,21.0,0.1,0.0,26.0,0.7,1.3070360263859022,0.7182945479636494
73,126.0,0.1,0.001,16.0,1.2,0.2588067406977577,0.2273575353409468
74,252.0,0.0,0.0025,25.0,1.4,0.028156529424936825,0.015199812363567445
75,126.0,0.2,0.0025,28.0,0.75,0.23689585014477746,0.03658947028621739
76,252.0,0.2,0.0,28.0,1.1,0.5779692631687432,0.7079339413280878
77,21.0,0.2,0.005,18.0,0.65,0.43710005992489975,0.011289627312610597
78,252.0,0.0,0.01,13.0,0.85,0.013817444143464584,2.9662985738576726e-06
79,63.0,0.0,0.0,23.0,0.7,0.555368300989183,0.7195594071771393
80,252.0,0.2,0.005,16.0,1.35,0.03507151209201855,0.01953155707300022
81,126.0,0.0,0.0,28.0,0.85,0.8757400184517886,0.81434752533623
82,126.0,0.3,0.0025,16.0,1.15,0.29199315052118946,0.18636855645966363
83,42.0,0.1,0.0,21.0,1.3,0.7150251389352384,0.6723095108301902
84,252.0,0.1,0.001,19.0,0.75,0.6307456736051529,0.21091748883519992
85,42.0,0.0,0.01,22.0,1.05,0.00018626100241896296,2.0355150681779197e-07
86,126.0,0.3,0.01,21.0,1.05,0.007537090334786396,0.0003830488952851126
87,21.0,0.1,0.001,23.0,0.8,0.7112951647371857,0.1975202826771181
88,63.0,0.0,0.0,9.0,1.3,0.6288765595023582,0.6158004440110777
89,63.0,0.0,0.001,13.0,1.45,0.22941770148693788,0.18017313583541053
90,63.0,0.0,0.005,12.0,1.05,0.018381442609502825,0.0017133136927595736
91,63.0,0.0,0.01,17.0,0.6,0.07832647306974932,7.170736551318472e-07
92,126.0,0.0,0.0025,16.0,0.9,0.1781931023323626,0.022306189975173526
93,21.0,0.3,0.01,18.0,1.05,0.014719689629300122,0.0017795718044387738
94,42.0,0.1,0.001,9.0,1.0,0.7351219749939755,0.3789772123066843
95,252.0,0.1,0.0025,23.0,0.65,0.5259278109712742,0.03003927644684211
96,21.0,0.1,0.0,24.0,0.95,0.5889766893562346,0.7014364447867454
97,252.0,0.2,0.005,18.0,1.15,0.03576038639831608,0.011289627312610597
98,21.0,0.2,0.005,30.0,0.75,0.15497880258412192,0.0014162709908708097
99,21.0,0.1,0.001,19.0,1.45,0.2137045358315339,0.21091748883519992
