,Beta Range,Alpha,Gamma,Eta,Max Risk,Wealth,No Risk Wealth
0,63.0,0.0,0.0025,16.0,0.85,0.22135788103854062,0.022306189975173526
1,126.0,0.3,0.0025,25.0,0.65,0.8050176178221655,0.06199302972990691
2,126.0,0.2,0.0025,25.0,0.85,0.3250363633548532,0.04458678135839707
3,21.0,0.3,0.0025,18.0,1.3,0.1885517861028362,0.14893051706946997
4,21.0,0.0,0.005,28.0,0.7,0.08977906579958457,0.00024528003842995584
5,126.0,0.1,0.0,12.0,0.55,1.0760975149101404,0.6057160822464894
6,42.0,0.0,0.001,14.0,0.6,0.5645689629606216,0.17230473144119188
7,63.0,0.3,0.005,14.0,0.9,0.22559526892498383,0.09217428041250263
8,63.0,0.3,0.0,23.0,1.15,0.4652849700540111,0.5433682850500341
9,63.0,0.3,0.0,30.0,0.8,0.541987385806995,0.665744237234006
10,126.0,0.3,0.01,8.0,1.3,0.25951484066718067,0.20133230840171454
11,42.0,0.2,0.01,13.0,0.5,0.5363679342160105,0.0033220003565352634
12,63.0,0.1,0.001,23.0,1.15,0.2987124453241821,0.1975202826771181
13,42.0,0.2,0.005,20.0,0.6,0.2938953741654768,0.007300344297683602
14,126.0,0.1,0.0025,19.0,0.5,0.7560372425972979,0.03989389987617988
15,42.0,0.0,0.005,9.0,1.0,0.04377732363499732,0.003689117707991379
16,21.0,0.1,0.01,19.0,0.85,0.007534951181972177,9.284302789998403e-06
17,126.0,0.1,0.01,23.0,1.15,0.00012784523132523438,2.3252188039774103e-06
18,63.0,0.2,0.01,17.0,0.6,0.2580600156955239,0.00034356084888694617
19,252.0,0.3,0.0,18.0,0.75,0.8273277899818838,0.647935394974838
20,126.0,0.0,0.005,9.0,0.75,0.10030284207156535,0.003689117707991379
21,21.0,0.1,0.001,25.0,1.2,0.3717641556024415,0.1900144137837229
22,126.0,0.1,0.0025,8.0,1.25,0.24281073838223882,0.2073840829039745
23,126.0,0.2,0.0025,20.0,0.7,0.38713493433675233,0.0671065020146215
24,63.0,0.2,0.01,11.0,0.95,0.07994503072181634,0.011192104106612592
25,252.0,0.1,0.01,10.0,0.85,0.08300336945145632,0.0013110283099409077
26,21.0,0.2,0.01,13.0,0.95,0.03424636030306044,0.0033220003565352634
27,42.0,0.3,0.005,28.0,1.3,0.016576594611522593,0.004249735005787465
28,42.0,0.0,0.001,19.0,1.1,0.3855078087574181,0.1581216886911341
29,252.0,0.2,0.01,31.0,0.5,0.31063583960430485,2.079985630539956e-06
30,252.0,0.1,0.0,29.0,0.55,1.0529004803594817,0.7620894766463782
31,126.0,0.2,0.01,19.0,1.15,0.0018038307840991465,0.00013028028167362435
32,21.0,0.2,0.0025,25.0,1.15,0.14015748743203343,0.04458678135839707
33,63.0,0.3,0.01,21.0,0.6,0.28748635604707706,0.0003830488952851126
34,63.0,0.3,0.0,15.0,1.15,0.6826788399178627,0.6533659729257192
35,21.0,0.3,0.01,17.0,0.5,0.9402174730279691,0.0028100617913227547
36,42.0,0.1,0.001,27.0,1.4,0.23459178864747293,0.1864103172491819
37,42.0,0.0,0.005,23.0,0.6,0.17022136974891885,0.00035452366313836446
38,63.0,0.3,0.0025,16.0,0.65,0.8040528948774547,0.18636855645966363
39,126.0,0.2,0.0025,22.0,0.8,0.3038996771666331,0.05607065675169799
40,21.0,0.2,0.01,19.0,1.05,0.0053104882769030035,0.00013028028167362435
41,252.0,0.2,0.0,16.0,1.45,0.9628532617649759,0.6215070022494373
42,21.0,0.1,0.001,28.0,1.05,0.28159150778890485,0.18526422184230676
43,126.0,0.1,0.005,28.0,1.45,0.0017353567511979404,0.0006818101002481871
44,21.0,0.2,0.01,26.0,1.25,0.00038665908199050117,8.894889976144902e-06
45,42.0,0.3,0.001,23.0,0.75,0.49103481644440367,0.2417332084489609
46,63.0,0.3,0.001,30.0,1.05,0.34331418056090635,0.2303390452920079
47,42.0,0.1,0.0,31.0,1.4,0.6690211495553825,0.7851568152926374
48,21.0,0.3,0.001,20.0,0.8,1.0205372412200688,0.30092689600476485
49,126.0,0.2,0.0,19.0,1.25,0.5820001057301466,0.5979023081359942
50,42.0,0.3,0.0,26.0,1.15,0.7218372024721851,0.5964904200413552
51,42.0,0.3,0.01,31.0,0.5,0.309245840874509,1.1607343721104802e-05
52,126.0,0.2,0.0025,28.0,0.6,0.6441289925587809,0.03658947028621739
53,42.0,0.2,0.01,26.0,0.7,0.06656063792849712,8.894889976144902e-06
54,42.0,0.0,0.0025,26.0,0.85,0.23577301903573208,0.014796425196920112
55,21.0,0.2,0.001,21.0,1.05,0.45643654646605575,0.24668097316393528
56,42.0,0.2,0.01,27.0,1.4,6.729236870137895e-05,6.530555393691452e-06
57,252.0,0.1,0.005,19.0,1.15,0.010991572817667076,0.0024719283548610416
58,126.0,0.0,0.01,18.0,0.5,0.20031544525167205,5.371545868977099e-07
59,42.0,0.3,0.0,27.0,1.3,0.6752504200319804,0.6109428087484318
60,63.0,0.3,0.005,28.0,0.75,0.15346408196026579,0.004249735005787465
61,21.0,0.1,0.0025,19.0,0.55,0.7551633319966231,0.03989389987617988
62,126.0,0.2,0.001,13.0,1.4,0.4371709547701181,0.3830220247283743
63,21.0,0.1,0.0025,31.0,1.45,0.03891841920168343,0.01988841180821857
64,252.0,0.2,0.005,23.0,0.9,0.12178063265389015,0.004103150463276661
65,252.0,0.0,0.0025,24.0,1.25,0.030705108219249086,0.015622596551750367
66,126.0,0.2,0.001,16.0,1.1,0.41838123239764113,0.31143492111157
67,21.0,0.0,0.005,30.0,1.2,0.003988608794311957,0.00021778564190470356
68,252.0,0.0,0.01,17.0,1.2,1.7460068423969855e-05,7.170736551318472e-07
69,63.0,0.0,0.001,22.0,1.4,0.16648626117947815,0.1569707914953871
70,126.0,0.2,0.005,28.0,1.25,0.008875218306451776,0.0018749190635639393
71,252.0,0.0,0.0025,21.0,0.85,0.31564369002265313,0.017073531970665596
72,252.0,0.2,0.01,17.0,0.8,0.08702751294416858,0.00034356084888694617
73,42.0,0.2,0.005,11.0,1.45,0.12095704925569858,0.08686721979246324
74,126.0,0.2,0.005,28.0,0.8,0.11292179419203215,0.0018749190635639393
75,63.0,0.2,0.001,29.0,0.5,0.7009395898850952,0.21179373328650739
76,21.0,0.1,0.005,25.0,1.15,0.013802321646711807,0.0009696108252340907
77,252.0,0.3,0.005,18.0,0.65,0.7926231339921723,0.03414042119228507
78,252.0,0.0,0.0025,9.0,1.35,0.06324388265134151,0.04780006430623246
79,126.0,0.0,0.005,11.0,1.2,0.006551724938858431,0.0021814085615444612
80,42.0,0.0,0.0025,31.0,0.75,0.3455377140318599,0.013569677483075184
81,42.0,0.0,0.0,24.0,0.5,0.7817787665420523,0.7381118920052944
82,63.0,0.0,0.001,23.0,1.1,0.21334809349636646,0.15752429352355798
83,126.0,0.3,0.0025,26.0,1.45,0.0848564662309651,0.05908137396401324
84,21.0,0.0,0.001,31.0,1.25,0.3087057543927453,0.16623067269027333
85,126.0,0.1,0.0025,23.0,1.45,0.04282447659341358,0.03003927644684211
86,63.0,0.1,0.0,25.0,1.1,0.5414504136796077,0.7080942452604421
87,21.0,0.2,0.0025,28.0,1.1,0.1326189191995048,0.03658947028621739
88,63.0,0.3,0.0025,27.0,0.95,0.22442095680286747,0.05529982265567951
89,63.0,0.2,0.01,25.0,1.1,0.0007484721476996173,1.2403613679893225e-05
90,126.0,0.3,0.01,28.0,0.9,0.014225450693726226,2.8250860976288286e-05
91,126.0,0.2,0.005,21.0,0.65,0.29655200566242435,0.005961197422800455
92,63.0,0.2,0.0025,30.0,1.25,0.07410934006751624,0.03209222074481629
93,42.0,0.2,0.001,20.0,0.65,0.9816329601275373,0.25336836668653656
94,126.0,0.0,0.01,13.0,1.4,1.0834044945378201e-05,2.9662985738576726e-06
95,63.0,0.1,0.01,11.0,1.25,0.002854926054605943,0.0006452434321642358
96,21.0,0.2,0.005,23.0,0.5,0.7047366517500787,0.004103150463276661
97,63.0,0.3,0.01,17.0,1.05,0.0219611899997837,0.0028100617913227547
98,63.0,0.1,0.001,14.0,1.4,0.3381703503017328,0.25229350156606034
99,252.0,0.3,0.0025,27.0,0.6,0.8224902832313024,0.05529982265567951
