,Beta Range,Alpha,Gamma,Eta,Max Risk,Wealth,No Risk Wealth
0,42.0,0.0,0.005,25.0,0.95,0.024225109172367313,0.00030152184995981067
1,21.0,0.2,0.0025,27.0,0.65,0.6225004379624453,0.0391312950836639
2,42.0,0.1,0.005,13.0,0.55,0.4229588498334721,0.010180566082468378
3,126.0,0.1,0.005,28.0,0.65,0.1716404254666968,0.0006818101002481871
4,63.0,0.2,0.0025,26.0,0.55,0.5519637412814951,0.04150061701022956
5,63.0,0.1,0.005,18.0,0.55,0.34698851829020116,0.0029858065463339374
6,126.0,0.3,0.001,19.0,0.6,1.0935906235733053,0.3335881937707289
7,21.0,0.3,0.005,28.0,1.45,0.010163476168915558,0.004249735005787465
8,252.0,0.3,0.0025,12.0,0.65,1.0941399419656623,0.35997402545780177
9,21.0,0.1,0.01,17.0,0.95,0.0056580953512185865,2.1304583595518e-05
10,63.0,0.2,0.001,21.0,0.55,0.8762328029321592,0.24668097316393528
11,42.0,0.0,0.005,21.0,1.2,0.004628849880304139,0.0004235056444375551
12,126.0,0.1,0.005,23.0,1.35,0.003952033406748766,0.0012921046995349192
13,42.0,0.3,0.005,22.0,1.15,0.05774972462293659,0.011594152775259972
14,252.0,0.0,0.01,15.0,1.45,4.5883816958579726e-06,1.3666310823440274e-06
15,42.0,0.1,0.001,22.0,0.85,0.49504636449175415,0.20074527891034644
16,252.0,0.1,0.0025,13.0,0.5,1.0082199606896178,0.07821044539689595
17,42.0,0.3,0.01,28.0,0.9,0.011417672599157396,2.8250860976288286e-05
18,252.0,0.0,0.0,17.0,1.3,0.7529874738692872,0.6324052623634859
19,252.0,0.3,0.0025,11.0,1.2,0.5706109122817103,0.414227669293173
20,63.0,0.2,0.005,19.0,1.35,0.02328548335929246,0.008909011324882535
21,42.0,0.0,0.005,13.0,0.5,0.38068830583198854,0.0013658389928068288
22,21.0,0.1,0.01,21.0,0.55,0.1194374360371477,4.51519676141965e-06
23,126.0,0.3,0.0025,20.0,1.25,0.179320034296727,0.10838959653014822
24,63.0,0.0,0.001,30.0,0.6,0.48367413943775217,0.1646627515446699
25,21.0,0.0,0.01,11.0,1.35,3.998539668168208e-05,7.510774853602376e-06
26,21.0,0.2,0.0025,11.0,0.75,0.965589681968758,0.24150325621856866
27,63.0,0.1,0.005,14.0,0.7,0.18766023575922988,0.007707275863980153
28,126.0,0.2,0.0,10.0,1.4,0.6563774560001152,0.6833155472984314
29,21.0,0.1,0.01,29.0,1.45,7.99816921562094e-06,4.6851372608988313e-07
30,42.0,0.2,0.005,17.0,0.6,0.29877493760145957,0.014449020652432306
31,63.0,0.1,0.01,19.0,1.25,0.00014351904702637337,9.284302789998403e-06
32,126.0,0.1,0.0025,22.0,1.2,0.07112666442717219,0.03209635343327385
33,126.0,0.3,0.001,22.0,1.35,0.3233378447479991,0.2523042861875711
34,42.0,0.0,0.0025,18.0,1.1,0.10426449170890179,0.019767048931792076
35,126.0,0.1,0.001,23.0,1.0,0.2763018612304149,0.1975202826771181
36,126.0,0.3,0.0025,9.0,1.4,0.515554580152034,0.4967499953192839
37,252.0,0.0,0.001,13.0,1.35,0.2639850861196836,0.18017313583541053
38,126.0,0.1,0.005,25.0,1.45,0.002297322826232128,0.0009696108252340907
39,252.0,0.2,0.001,18.0,1.45,0.41675975881287763,0.27072989454007274
40,63.0,0.2,0.005,21.0,1.05,0.030321108966445996,0.005961197422800455
41,21.0,0.2,0.0,17.0,0.9,0.7516573406342401,0.5985027488180099
42,42.0,0.0,0.001,28.0,1.4,0.20569345737810427,0.1616511584427457
43,252.0,0.3,0.001,8.0,0.7,1.4273745219999825,0.6562637583044848
44,42.0,0.0,0.005,13.0,1.25,0.005578821530978547,0.0013658389928068288
45,252.0,0.1,0.0025,17.0,0.6,0.7491206806807852,0.047709239936147486
46,63.0,0.2,0.005,9.0,0.55,0.964571751923332,0.17335144399661298
47,126.0,0.0,0.0025,20.0,1.1,0.04295105770774833,0.01774093338685981
48,21.0,0.0,0.005,9.0,1.1,0.022108506832593227,0.003689117707991379
49,252.0,0.3,0.0,20.0,1.15,0.8084508067732515,0.5940361424472925
50,63.0,0.0,0.001,10.0,1.45,0.2549534460300377,0.21172278661038374
51,42.0,0.3,0.01,15.0,0.9,0.09303181867391433,0.007556509923612241
52,21.0,0.3,0.0,28.0,1.4,0.6481681700478805,0.6226905688588895
53,126.0,0.1,0.01,21.0,0.55,0.21411952495980538,4.51519676141965e-06
54,63.0,0.1,0.0,28.0,1.0,0.5183884783181897,0.748810234634412
55,252.0,0.0,0.005,31.0,0.7,0.1681454442417453,0.0002059091747525766
56,63.0,0.2,0.0,23.0,0.5,1.1450980230614598,0.6491978218338841
57,63.0,0.1,0.001,29.0,0.55,0.6158119622341294,0.1838775065106456
58,63.0,0.2,0.001,25.0,1.45,0.27856693634018953,0.22744731842465424
59,63.0,0.1,0.001,26.0,1.05,0.246247148449503,0.18732636886025736
60,63.0,0.2,0.0,25.0,0.95,0.686944313766273,0.673021847385901
61,252.0,0.0,0.001,25.0,0.6,0.7657272831481157,0.1586889016766945
62,63.0,0.0,0.0025,11.0,0.55,0.5779607860577355,0.036786556483010005
63,126.0,0.3,0.005,14.0,1.3,0.13561525620579662,0.09217428041250263
64,63.0,0.2,0.005,28.0,0.8,0.09256517504991503,0.0018749190635639393
65,21.0,0.1,0.0,21.0,1.0,0.6931882457621364,0.6723095108301902
66,126.0,0.2,0.01,22.0,0.55,0.25580141620806934,3.713281271039607e-05
67,126.0,0.3,0.0,26.0,1.2,0.5029619697461958,0.5964904200413552
68,21.0,0.2,0.001,28.0,1.25,0.3564019630011219,0.21666308843844412
69,63.0,0.0,0.001,16.0,0.95,0.40977370908742156,0.16435570344826533
70,252.0,0.3,0.01,9.0,0.6,1.1206184637996368,0.1405668021886497
71,252.0,0.0,0.0,31.0,1.05,0.6571333422758546,0.8806732086804688
72,42.0,0.2,0.0,31.0,0.8,0.7199438448390643,0.7367375891830871
73,126.0,0.1,0.0025,10.0,1.35,0.17884896342708648,0.13713895111442748
74,42.0,0.0,0.005,20.0,1.0,0.02123027772417974,0.0004690941240089953
75,42.0,0.3,0.005,23.0,1.2,0.036832917011102057,0.009399776580246832
76,42.0,0.0,0.0,18.0,0.65,0.7615810050014439,0.6435544791176645
77,21.0,0.3,0.0,23.0,1.35,0.48566132623718083,0.5433682850500341
78,63.0,0.1,0.001,9.0,0.9,0.5750798150727598,0.3789772123066843
79,63.0,0.2,0.001,22.0,0.7,0.497290867595413,0.24082519790514606
80,252.0,0.1,0.0025,20.0,1.0,0.1165218674324294,0.037217457876994875
81,63.0,0.3,0.0025,23.0,1.3,0.1250518822778039,0.07163131871245533
82,252.0,0.3,0.01,13.0,1.15,0.05465056564222419,0.022330266144964715
83,126.0,0.0,0.01,27.0,0.7,0.021682935891189782,8.1273956198239e-08
84,126.0,0.0,0.001,29.0,0.95,0.3041293311438951,0.1630694537566473
85,21.0,0.3,0.001,10.0,0.75,1.6592495730478265,0.6183309534177909
86,63.0,0.2,0.001,11.0,1.25,0.5899171895260273,0.4457332190911432
87,42.0,0.2,0.0,31.0,0.8,0.7199438448390643,0.7367375891830871
88,63.0,0.0,0.0025,22.0,1.4,0.025400459025711034,0.01657595388730752
89,21.0,0.3,0.005,27.0,0.8,0.18392607260926735,0.004974855670761445
90,63.0,0.0,0.0,8.0,0.85,0.5837740508813656,0.6099728460664685
91,21.0,0.2,0.005,31.0,1.1,0.016247010082953938,0.0012625294786016486
92,21.0,0.3,0.0,28.0,0.85,0.6361954052986424,0.6226905688588895
93,42.0,0.0,0.001,16.0,0.75,0.4752789716816486,0.16435570344826533
94,63.0,0.1,0.001,17.0,0.9,0.46905968915841906,0.2216557852044342
95,21.0,0.1,0.0025,28.0,0.7,0.4543696820728424,0.022722748454047415
96,21.0,0.2,0.001,10.0,1.25,0.6102784571043403,0.4824349987207151
97,21.0,0.0,0.01,31.0,1.4,1.9133472051970105e-06,4.526169150194783e-08
98,252.0,0.3,0.005,20.0,0.95,0.15986452021605685,0.019709372015331867
99,42.0,0.3,0.0025,23.0,0.65,0.5225669235633725,0.07163131871245533
