,Beta Range,Alpha,Gamma,Eta,Max Risk,Wealth,No Risk Wealth
0,126.0,0.3,0.005,25.0,0.5,0.5953509417763486,0.00668269997664536
1,42.0,0.0,0.0,16.0,1.25,0.6296903971367728,0.6211306318434505
2,42.0,0.0,0.0025,17.0,1.0,0.12427445535564682,0.020956112207662157
3,252.0,0.1,0.001,30.0,0.85,0.5560736669246236,0.18233597290796666
4,252.0,0.1,0.001,10.0,1.4,0.46440840442277215,0.3466420786051555
5,252.0,0.2,0.0,12.0,0.8,0.8927449409560788,0.6476856198468847
6,42.0,0.0,0.005,25.0,1.15,0.005568410772630995,0.00030152184995981067
7,126.0,0.3,0.0025,25.0,0.6,0.8873660883098888,0.06199302972990691
8,252.0,0.3,0.001,12.0,1.1,1.5938319174640454,0.5639384846619089
9,63.0,0.1,0.0025,20.0,1.4,0.06147788517243277,0.037217457876994875
10,126.0,0.2,0.0025,22.0,1.4,0.09342614128528014,0.05607065675169799
11,63.0,0.2,0.0,15.0,1.35,0.7555280634631196,0.6327365795367276
12,21.0,0.3,0.01,26.0,1.35,0.0005314896564684254,5.545671462274024e-05
13,126.0,0.1,0.01,11.0,0.7,0.18075824324267475,0.0006452434321642358
14,252.0,0.0,0.005,25.0,1.2,0.0014388280632384068,0.00030152184995981067
15,21.0,0.3,0.0025,21.0,1.35,0.1291795873943501,0.09054295198432058
16,126.0,0.3,0.005,21.0,1.1,0.06786436323902151,0.014700321638739512
17,252.0,0.2,0.01,24.0,1.3,0.00013332059896515997,1.752055641695506e-05
18,252.0,0.0,0.001,10.0,1.3,0.2428797942862577,0.21172278661038374
19,126.0,0.2,0.001,18.0,1.2,0.32714248845116656,0.27072989454007274
20,126.0,0.0,0.005,8.0,1.3,0.00773582725004274,0.00493883578669829
21,21.0,0.3,0.005,28.0,1.25,0.02112333628313371,0.004249735005787465
22,252.0,0.2,0.0025,10.0,0.7,1.0029678234138089,0.286105296770336
23,63.0,0.3,0.01,23.0,0.75,0.0578245894167083,0.00015963160296615338
24,21.0,0.0,0.0025,24.0,1.2,0.06897576476753785,0.015622596551750367
25,42.0,0.1,0.01,31.0,1.3,1.4804682903881152e-05,3.0002322862348387e-07
26,252.0,0.1,0.0,23.0,1.15,0.6691640023532942,0.6919897513727844
27,126.0,0.0,0.0025,20.0,0.8,0.23761565915445015,0.01774093338685981
28,252.0,0.2,0.001,10.0,1.1,0.5987160094924553,0.4824349987207151
29,126.0,0.1,0.001,8.0,0.55,1.261208644070424,0.4191706531085415
30,126.0,0.0,0.0,25.0,0.8,0.723127122422691,0.7560023682223744
31,63.0,0.2,0.01,28.0,1.0,0.001503970297193469,4.796489215889624e-06
32,21.0,0.0,0.0,10.0,1.4,0.5573590603982259,0.6210611566964351
33,126.0,0.0,0.001,28.0,1.05,0.2166752297229679,0.1616511584427457
34,63.0,0.0,0.001,27.0,0.7,0.4465913514317971,0.16028698218753734
35,126.0,0.2,0.0025,27.0,1.45,0.058618352326151195,0.0391312950836639
36,252.0,0.3,0.005,24.0,1.2,0.0345351402618615,0.007850496021630439
37,42.0,0.0,0.0025,21.0,1.25,0.04853261895633247,0.017073531970665596
38,21.0,0.0,0.01,13.0,1.15,0.00019829410969939487,2.9662985738576726e-06
39,21.0,0.1,0.01,11.0,0.95,0.01551275370604133,0.0006452434321642358
40,21.0,0.2,0.01,16.0,1.05,0.009948683849382226,0.0006056254726522106
41,21.0,0.3,0.01,25.0,1.1,0.0030474045447580326,7.640463422052737e-05
42,21.0,0.3,0.01,16.0,0.6,0.7262311480692594,0.0045368429299839225
43,42.0,0.1,0.01,24.0,1.25,6.131834928504433e-05,1.7124600256518105e-06
44,126.0,0.0,0.01,23.0,0.85,0.005706615081107393,1.6594557662396697e-07
45,126.0,0.0,0.01,10.0,0.8,0.018542330031337005,1.2575141185700496e-05
46,63.0,0.1,0.005,10.0,0.85,0.19166322722714982,0.02917975024075983
47,126.0,0.3,0.005,31.0,0.65,0.2247055304410676,0.002861824381320763
48,42.0,0.2,0.0,13.0,1.2,0.7761821200554819,0.6480125040835931
49,63.0,0.1,0.01,16.0,0.8,0.02336946684169925,3.351468832674587e-05
50,42.0,0.2,0.005,25.0,1.3,0.011353995084751675,0.0029322327583450125
51,42.0,0.1,0.0025,13.0,0.95,0.29417083614724915,0.07821044539689595
52,126.0,0.2,0.0025,12.0,0.7,0.8425561842684757,0.20112549264695168
53,126.0,0.2,0.001,21.0,0.6,0.7586489924748693,0.24668097316393528
54,21.0,0.3,0.005,14.0,0.55,1.1534964464945994,0.09217428041250263
55,126.0,0.0,0.005,31.0,1.0,0.011081728146845339,0.0002059091747525766
56,126.0,0.1,0.0,17.0,0.9,0.6548663341511203,0.6163888058368724
57,126.0,0.1,0.005,27.0,0.9,0.0497129771708351,0.0007612513506432044
58,42.0,0.2,0.01,30.0,1.4,3.684061996001758e-05,2.680854118501041e-06
59,63.0,0.1,0.005,15.0,0.75,0.12821325390312607,0.005886341945160387
60,126.0,0.2,0.0,17.0,0.85,0.6407216803704873,0.5985027488180099
61,21.0,0.2,0.005,27.0,1.05,0.025294248291383943,0.002172296488649054
62,252.0,0.2,0.0025,18.0,1.3,0.12963885180203652,0.08234560662612703
63,63.0,0.2,0.01,12.0,1.0,0.03150472797209152,0.0059601894625797725
64,63.0,0.2,0.001,8.0,1.2,0.5559253487348111,0.6177484174890577
65,126.0,0.2,0.0025,10.0,1.3,0.3378974235870588,0.286105296770336
66,63.0,0.1,0.0025,31.0,1.15,0.0575941925344576,0.01988841180821857
67,42.0,0.0,0.005,25.0,1.3,0.0020848671796869335,0.00030152184995981067
68,63.0,0.0,0.005,18.0,1.1,0.00749227118661414,0.0006007130437379993
69,126.0,0.0,0.01,19.0,1.05,9.194335281307118e-05,4.097593343126141e-07
70,126.0,0.3,0.0025,12.0,1.2,0.39922827293232693,0.35997402545780177
71,42.0,0.3,0.01,17.0,1.0,0.04624155769912249,0.0028100617913227547
72,21.0,0.0,0.01,9.0,1.0,0.002056334501915316,2.159619865406642e-05
73,21.0,0.2,0.005,23.0,0.8,0.18390022235890285,0.004103150463276661
74,21.0,0.1,0.0,18.0,1.2,0.6895066501691216,0.6265562653307496
75,252.0,0.1,0.01,18.0,0.85,0.02952116686224365,1.3846265427414034e-05
76,252.0,0.1,0.01,8.0,1.1,0.02105250550061669,0.00609567790121225
77,252.0,0.1,0.005,15.0,1.05,0.02693304321410692,0.005886341945160387
78,21.0,0.0,0.005,23.0,1.35,0.002645536478417683,0.00035452366313836446
79,63.0,0.3,0.005,12.0,1.15,0.3009378036240935,0.17022418353340835
80,252.0,0.1,0.0025,15.0,0.65,0.6174139197806893,0.059769125243971134
81,252.0,0.3,0.005,23.0,1.2,0.03286062675482362,0.009399776580246832
82,126.0,0.1,0.01,15.0,0.6,0.15344915362755274,5.62036630331238e-05
83,252.0,0.1,0.001,24.0,0.9,0.48319716201290425,0.19398447051354403
84,42.0,0.0,0.005,25.0,1.45,0.0009555749770771441,0.00030152184995981067
85,42.0,0.3,0.001,9.0,0.9,0.9077192679282775,0.639175580373755
86,126.0,0.0,0.0,8.0,1.15,0.626293084226951,0.6099728460664685
87,42.0,0.2,0.0025,29.0,1.25,0.07804736114949007,0.03416089203784607
88,252.0,0.2,0.0,23.0,1.15,0.6331761735858054,0.6491978218338841
89,21.0,0.2,0.0,14.0,1.0,0.6526913873400452,0.6485962327777919
90,126.0,0.2,0.001,10.0,0.8,0.991389142326569,0.4824349987207151
91,42.0,0.2,0.001,30.0,0.6,0.7512913530919404,0.20777324891634008
92,126.0,0.2,0.01,14.0,0.5,0.645656330633207,0.0018880852493925503
93,42.0,0.2,0.01,31.0,1.45,2.516899158549349e-05,2.079985630539956e-06
94,252.0,0.1,0.01,15.0,1.3,0.0002557966434239012,5.62036630331238e-05
95,126.0,0.1,0.01,28.0,1.25,2.5614927210766976e-05,5.93291299965815e-07
96,252.0,0.0,0.005,23.0,0.75,0.13190146634617603,0.00035452366313836446
97,252.0,0.2,0.0,10.0,1.35,0.809999746421959,0.6833155472984314
98,63.0,0.2,0.005,8.0,0.5,1.1799338388317242,0.24561697855924639
99,21.0,0.1,0.0025,23.0,0.6,0.6492889287759563,0.03003927644684211
