,Beta Range,Alpha,Gamma,Eta,Max Risk,Wealth,No Risk Wealth
0,21.0,0.3,0.001,14.0,1.0,0.5660845807697488,0.4496747073388381
1,63.0,0.1,0.0,21.0,0.7,0.7675683766012934,0.6723095108301902
2,63.0,0.3,0.0025,10.0,0.75,0.8195159090528369,0.45165659305139116
3,252.0,0.0,0.0025,10.0,0.8,0.3200064811565192,0.04206204444249876
4,63.0,0.0,0.001,10.0,0.85,0.45905530388436494,0.21172278661038374
5,252.0,0.2,0.0,26.0,0.55,1.183722460765686,0.6827386877125746
6,42.0,0.3,0.001,13.0,1.05,0.5696155427028217,0.5086199853939128
7,126.0,0.3,0.01,17.0,1.35,0.007094208813003998,0.0028100617913227547
8,63.0,0.1,0.0025,21.0,1.2,0.07126792029314366,0.034652643693138876
9,63.0,0.0,0.001,10.0,0.6,0.6350314791129881,0.21172278661038374
10,21.0,0.3,0.005,28.0,1.35,0.013464245808466445,0.004249735005787465
11,63.0,0.3,0.0,9.0,1.15,1.1142469461051356,0.7560965543686734
12,21.0,0.2,0.001,31.0,1.3,0.3293723795130476,0.20675491544496072
13,126.0,0.0,0.001,24.0,0.85,0.4513358138842364,0.1581444003526324
14,252.0,0.3,0.005,10.0,1.3,0.34581557261539486,0.26747058947427044
15,252.0,0.1,0.005,11.0,1.25,0.03471826686581813,0.020318035714463504
16,21.0,0.1,0.0025,30.0,0.5,0.7161917886743762,0.020772377462279158
17,42.0,0.3,0.0,30.0,1.45,0.6795549397382894,0.665744237234006
18,126.0,0.3,0.0025,14.0,1.3,0.30784850019687204,0.2482980812060498
19,21.0,0.1,0.0,15.0,0.75,1.3918248423538866,0.6037424088482227
20,63.0,0.1,0.001,12.0,1.45,0.3718107475873252,0.2855138770752395
21,21.0,0.0,0.01,18.0,0.65,0.03139066914731647,5.371545868977099e-07
22,42.0,0.1,0.005,13.0,0.7,0.21396220900507076,0.010180566082468378
23,126.0,0.1,0.005,19.0,1.35,0.006300330115262036,0.0024719283548610416
24,21.0,0.1,0.0025,17.0,1.25,0.09144253626853266,0.047709239936147486
25,21.0,0.0,0.005,18.0,1.25,0.0052370990873504926,0.0006007130437379993
26,42.0,0.2,0.01,31.0,0.85,0.008327408377628813,2.079985630539956e-06
27,21.0,0.0,0.005,12.0,1.0,0.036600062912110536,0.0017133136927595736
28,126.0,0.3,0.001,21.0,0.65,1.1655399764179397,0.2690133567083297
29,126.0,0.3,0.001,18.0,0.55,1.183780796436596,0.35995826552800875
30,63.0,0.1,0.01,25.0,1.35,1.5564040015116897e-05,1.275064732967586e-06
31,42.0,0.1,0.001,9.0,1.3,0.4500724232038401,0.3789772123066843
32,63.0,0.2,0.01,24.0,1.4,0.00011710316095481814,1.752055641695506e-05
33,126.0,0.2,0.001,29.0,1.25,0.25501382525943644,0.21179373328650739
34,21.0,0.1,0.001,14.0,1.3,0.3044413925687693,0.25229350156606034
35,42.0,0.0,0.0025,27.0,1.2,0.04430990087130097,0.01449712269293849
36,21.0,0.3,0.0025,12.0,1.45,0.4338148636423502,0.35997402545780177
37,252.0,0.2,0.01,26.0,0.7,0.11065902981263985,8.894889976144902e-06
38,126.0,0.3,0.005,11.0,1.35,0.3147495289091769,0.2198697291380528
39,42.0,0.0,0.001,13.0,1.1,0.29190326774589476,0.18017313583541053
40,21.0,0.2,0.0,15.0,1.2,0.5267351893958379,0.6327365795367276
41,252.0,0.0,0.001,23.0,0.55,0.8591814102096345,0.15752429352355798
42,63.0,0.2,0.0025,26.0,0.95,0.1907140906570165,0.04150061701022956
43,21.0,0.3,0.0,10.0,1.15,1.2088172109682698,0.7622867319417125
44,42.0,0.2,0.0025,27.0,0.95,0.20156281237523518,0.0391312950836639
45,42.0,0.1,0.005,27.0,0.75,0.13351833305847657,0.0007612513506432044
46,21.0,0.1,0.001,11.0,0.55,1.7436579811396222,0.3181098756203653
47,252.0,0.1,0.01,29.0,0.75,0.032620681786318766,4.6851372608988313e-07
48,21.0,0.1,0.0,31.0,1.3,0.870203913685774,0.7851568152926374
49,252.0,0.3,0.001,13.0,1.4,0.6771735368888888,0.5086199853939128
50,252.0,0.3,0.001,21.0,1.4,0.4408632938382825,0.2690133567083297
51,63.0,0.2,0.01,21.0,1.45,0.0002908765821322027,5.566611298752476e-05
52,21.0,0.0,0.005,16.0,1.0,0.025664707045634543,0.0007933163934361444
53,126.0,0.0,0.01,13.0,1.4,1.0834044945378201e-05,2.9662985738576726e-06
54,63.0,0.1,0.0,22.0,0.75,0.6286454597446866,0.6802746628070423
55,42.0,0.0,0.0,10.0,0.6,0.8067642000034694,0.6210611566964351
56,252.0,0.2,0.001,29.0,1.25,0.33169915463004546,0.21179373328650739
57,21.0,0.1,0.001,30.0,1.1,0.28025726559424874,0.18233597290796666
58,252.0,0.3,0.001,22.0,1.25,0.32260578489292685,0.2523042861875711
59,252.0,0.2,0.005,15.0,1.25,0.050162094727547214,0.025960426407134987
60,21.0,0.0,0.01,29.0,1.3,8.642722649813114e-06,6.007278107517739e-08
61,42.0,0.2,0.0,16.0,1.35,0.7090046563961772,0.6215070022494373
62,63.0,0.0,0.0,8.0,0.65,0.6835520832764154,0.6099728460664685
63,252.0,0.0,0.001,16.0,0.6,0.7149227671898215,0.16435570344826533
64,21.0,0.1,0.01,24.0,1.35,3.801599927175484e-05,1.7124600256518105e-06
65,63.0,0.0,0.001,28.0,0.6,0.5117478116711687,0.1616511584427457
66,252.0,0.3,0.01,14.0,1.0,0.08779163513932238,0.012648571484321913
67,42.0,0.3,0.01,17.0,1.0,0.04624155769912249,0.0028100617913227547
68,252.0,0.0,0.01,10.0,0.95,0.006625801024555079,1.2575141185700496e-05
69,252.0,0.2,0.005,14.0,0.9,0.2024702265163697,0.03517000301120039
70,42.0,0.3,0.0025,18.0,1.45,0.20267684270844585,0.14893051706946997
71,126.0,0.0,0.001,20.0,1.15,0.19393189004627367,0.1560268571884497
72,42.0,0.2,0.0,23.0,0.8,0.8273945688176263,0.6491978218338841
73,252.0,0.2,0.01,26.0,1.05,0.0005183544715516834,8.894889976144902e-06
74,63.0,0.0,0.01,17.0,1.3,1.0663828849641673e-05,7.170736551318472e-07
75,126.0,0.2,0.0025,8.0,0.5,1.5208389519608703,0.43719550839479615
76,63.0,0.3,0.0025,9.0,1.3,0.6768287696917794,0.4967499953192839
77,252.0,0.1,0.005,17.0,1.4,0.00888680833137535,0.0036697106574254887
78,63.0,0.0,0.005,19.0,0.7,0.10644520354192998,0.0005295390235356193
79,126.0,0.0,0.0,27.0,1.15,0.4684598348984888,0.7932746470077486
80,252.0,0.3,0.0,19.0,0.65,1.1944659851224209,0.6289425541522575
81,63.0,0.1,0.005,27.0,0.9,0.04979127109042297,0.0007612513506432044
82,21.0,0.1,0.0025,14.0,0.8,0.4533914948153844,0.06829458636357746
83,126.0,0.2,0.001,19.0,1.25,0.30668503745156117,0.25817716071014024
84,126.0,0.0,0.005,14.0,0.7,0.14679066458644913,0.0011109538382472843
85,42.0,0.0,0.01,10.0,0.8,0.013614179644423938,1.2575141185700496e-05
86,252.0,0.1,0.001,20.0,0.65,0.633620609674298,0.20871045513780676
87,252.0,0.2,0.0025,15.0,0.5,1.2098629327276853,0.12835092374216242
88,21.0,0.0,0.005,20.0,0.65,0.19070618372600479,0.0004690941240089953
89,21.0,0.2,0.0,24.0,0.55,1.6431658762309647,0.6605256954713661
90,252.0,0.0,0.005,11.0,1.1,0.008418506859845454,0.0021814085615444612
91,21.0,0.3,0.005,31.0,0.8,0.16653193671109934,0.002861824381320763
92,21.0,0.2,0.0,18.0,0.5,2.365257785142248,0.5980916373277042
93,252.0,0.0,0.01,24.0,1.25,3.592761568604794e-06,1.3689388878020313e-07
94,21.0,0.2,0.0,18.0,1.0,0.6677951581971047,0.5980916373277042
95,252.0,0.2,0.0025,16.0,1.4,0.16304216986739462,0.11036103867206164
96,126.0,0.3,0.001,31.0,1.35,0.2117228782494335,0.22933328122752092
97,63.0,0.0,0.0,14.0,0.95,0.7242017571584407,0.6059529271186428
98,21.0,0.2,0.0025,27.0,0.65,0.6225004379624453,0.0391312950836639
99,42.0,0.3,0.005,13.0,0.95,0.23364956928754968,0.1270155007697946
