,Beta Range,Alpha,Gamma,Eta,Max Risk,Wealth,No Risk Wealth
0,126.0,0.0,0.005,24.0,1.2,0.002928096853407478,0.00032636376175137653
1,63.0,0.0,0.0,19.0,1.3,0.5648410677208878,0.6543915803498832
2,126.0,0.0,0.01,10.0,1.45,2.876205776040578e-05,1.2575141185700496e-05
3,21.0,0.0,0.005,10.0,0.95,0.052178732626588974,0.0028306214946015856
4,63.0,0.2,0.005,29.0,0.75,0.08056718398858724,0.0016208959173987878
5,63.0,0.3,0.001,19.0,0.55,1.1182063197198462,0.3335881937707289
6,252.0,0.2,0.0,18.0,1.2,0.6473597359469456,0.5980916373277042
7,126.0,0.3,0.01,29.0,1.15,0.0007746954385970884,2.082194709841705e-05
8,126.0,0.1,0.01,21.0,0.8,0.015490307199836273,4.51519676141965e-06
9,21.0,0.2,0.005,30.0,0.9,0.05874831197559414,0.0014162709908708097
10,63.0,0.0,0.0025,16.0,1.45,0.03882288936330478,0.022306189975173526
11,63.0,0.3,0.001,20.0,1.4,0.4303884659430609,0.30092689600476485
12,21.0,0.3,0.005,24.0,1.25,0.030478867617018544,0.007850496021630439
13,21.0,0.3,0.005,19.0,1.45,0.04051641069931344,0.026271992698211705
14,252.0,0.3,0.01,20.0,1.05,0.008751959303891955,0.0006449750929166855
15,126.0,0.0,0.005,14.0,0.5,0.4193322538448053,0.0011109538382472843
16,21.0,0.1,0.0,24.0,0.8,0.9643225513980699,0.7014364447867454
17,63.0,0.1,0.01,26.0,1.25,4.815569819240875e-05,9.692578646662215e-07
18,21.0,0.0,0.001,16.0,0.55,1.141427277171325,0.16435570344826533
19,21.0,0.0,0.0025,29.0,1.2,0.054483523049491535,0.013991867562539867
20,126.0,0.2,0.01,21.0,1.1,0.0013477733053112093,5.566611298752476e-05
21,21.0,0.0,0.005,10.0,0.8,0.15172095617537282,0.0028306214946015856
22,126.0,0.3,0.01,24.0,0.7,0.09737099597353055,0.00010908578075760141
23,252.0,0.0,0.0025,10.0,1.35,0.056269604883033904,0.04206204444249876
24,63.0,0.0,0.005,23.0,0.65,0.16828262687536671,0.00035452366313836446
25,63.0,0.0,0.0,10.0,1.3,0.5897315095659805,0.6210611566964351
26,252.0,0.0,0.001,28.0,1.25,0.22237438596294512,0.1616511584427457
27,126.0,0.2,0.0,27.0,0.55,1.0367126498778574,0.6991566243102684
28,252.0,0.2,0.01,15.0,0.5,0.6858460075435464,0.001052745716154045
29,42.0,0.1,0.0,23.0,1.45,0.6746373238809021,0.6919897513727844
30,42.0,0.2,0.005,30.0,1.05,0.0221531316514133,0.0014162709908708097
31,126.0,0.2,0.005,12.0,1.0,0.18731543360258718,0.06234756308660632
32,126.0,0.1,0.0,19.0,1.4,0.6518967373969206,0.6391763979234596
33,252.0,0.1,0.005,9.0,1.05,0.09682423715678408,0.04261481303455825
34,126.0,0.2,0.01,24.0,0.6,0.1424477591834438,1.752055641695506e-05
35,252.0,0.2,0.01,14.0,0.95,0.05329583256631224,0.0018880852493925503
36,42.0,0.2,0.0025,15.0,1.25,0.19534578639491307,0.12835092374216242
37,42.0,0.0,0.005,30.0,0.85,0.05217601252648584,0.00021778564190470356
38,21.0,0.3,0.0,11.0,1.25,0.990426539175434,0.7798501427802638
39,252.0,0.0,0.0025,24.0,1.25,0.030705108219249086,0.015622596551750367
40,126.0,0.0,0.005,12.0,0.95,0.04916046092529903,0.0017133136927595736
41,63.0,0.2,0.001,15.0,0.5,1.1474669002379079,0.3343832907258798
42,252.0,0.3,0.005,16.0,1.2,0.1251255827902034,0.05412276585259598
43,252.0,0.0,0.01,13.0,0.95,0.004909713533116652,2.9662985738576726e-06
44,126.0,0.0,0.0,13.0,1.1,0.4987363030799886,0.6086241471595917
45,126.0,0.1,0.005,20.0,1.45,0.0038156479155589617,0.002089555247392185
46,252.0,0.0,0.0,22.0,1.0,0.7197376144777272,0.7008817698222904
47,42.0,0.2,0.005,15.0,0.65,0.3952213995472523,0.025960426407134987
48,21.0,0.0,0.005,28.0,1.4,0.0013867483727750987,0.00024528003842995584
49,63.0,0.1,0.005,14.0,1.35,0.017472494258197444,0.007707275863980153
50,42.0,0.2,0.01,21.0,0.7,0.05841565324765933,5.566611298752476e-05
51,126.0,0.2,0.0025,23.0,0.85,0.34053305336956685,0.05177845191013518
52,21.0,0.1,0.0,18.0,0.7,1.0830331548072092,0.6265562653307496
53,252.0,0.0,0.0,19.0,0.6,0.9317166787240124,0.6543915803498832
54,252.0,0.3,0.0025,8.0,0.8,1.0932917588823985,0.5390685842242067
55,21.0,0.1,0.005,18.0,1.45,0.0057811005871465085,0.0029858065463339374
56,252.0,0.3,0.0,18.0,0.55,1.5096663830139307,0.647935394974838
57,63.0,0.2,0.0025,15.0,1.0,0.21392648691112243,0.12835092374216242
58,42.0,0.1,0.0,9.0,1.0,0.9996431323007539,0.6539182124656611
59,126.0,0.1,0.005,24.0,1.15,0.00868102276219835,0.0011174050939924479
60,252.0,0.0,0.01,14.0,1.0,0.000527528362375157,1.966784792798202e-06
61,63.0,0.0,0.005,24.0,1.4,0.0009369831412366431,0.00032636376175137653
62,252.0,0.2,0.005,30.0,1.1,0.00963819521337329,0.0014162709908708097
63,42.0,0.2,0.01,15.0,0.85,0.04399632551431387,0.001052745716154045
64,42.0,0.0,0.001,22.0,0.65,0.6791656822294011,0.1569707914953871
65,63.0,0.2,0.001,29.0,1.3,0.19957293981594823,0.21179373328650739
66,42.0,0.3,0.001,16.0,0.65,0.8363778196376788,0.39097414282762905
67,126.0,0.3,0.01,23.0,1.3,0.001151582125341264,0.00015963160296615338
68,21.0,0.3,0.0025,21.0,1.15,0.16710545493474493,0.09054295198432058
69,21.0,0.2,0.0025,28.0,0.55,0.6617760494888585,0.03658947028621739
70,126.0,0.2,0.0025,18.0,1.45,0.10160111093442073,0.08234560662612703
71,252.0,0.0,0.0,8.0,1.25,0.5937074615634309,0.6099728460664685
72,42.0,0.3,0.01,30.0,1.0,0.0032595419248386474,1.5522780347874336e-05
73,42.0,0.1,0.0,23.0,1.1,0.7686560659117913,0.6919897513727844
74,21.0,0.0,0.005,11.0,0.85,0.06501453411718854,0.0021814085615444612
75,21.0,0.3,0.0,16.0,1.15,0.802639125473197,0.6404576550363035
76,42.0,0.3,0.01,10.0,1.1,0.26349798550017123,0.09365725798367855
77,42.0,0.2,0.01,31.0,0.9,0.004455789856481405,2.079985630539956e-06
78,126.0,0.2,0.01,27.0,0.85,0.01637179998093567,6.530555393691452e-06
79,126.0,0.2,0.01,27.0,0.85,0.01637179998093567,6.530555393691452e-06
80,21.0,0.2,0.0025,12.0,1.3,0.2674132185183788,0.20112549264695168
81,63.0,0.2,0.005,24.0,1.0,0.043946443149986004,0.003449445339724206
82,126.0,0.2,0.0,10.0,0.9,0.9165799059462942,0.6833155472984314
83,252.0,0.3,0.005,31.0,1.4,0.008036656736505679,0.002861824381320763
84,252.0,0.3,0.001,20.0,0.7,1.0387524583761856,0.30092689600476485
85,21.0,0.2,0.005,15.0,0.75,0.3784136336408469,0.025960426407134987
86,21.0,0.0,0.001,9.0,0.75,0.7214109258868463,0.22168378736658292
87,63.0,0.0,0.0025,9.0,0.75,0.2732357657201567,0.04780006430623246
88,21.0,0.0,0.01,24.0,1.25,1.974950757317655e-05,1.3689388878020313e-07
89,42.0,0.2,0.005,29.0,0.9,0.06116073409435261,0.0016208959173987878
90,252.0,0.0,0.0025,22.0,0.5,0.7336276020396286,0.01657595388730752
91,63.0,0.0,0.0,14.0,0.95,0.7242017571584407,0.6059529271186428
92,252.0,0.1,0.001,31.0,0.65,0.7236870162506115,0.18074057206555483
93,63.0,0.1,0.001,13.0,1.4,0.3434413579759213,0.26527760004732986
94,252.0,0.2,0.001,22.0,0.7,0.7757631483574434,0.24082519790514606
95,21.0,0.0,0.01,30.0,0.7,0.00887647810659089,5.201628744794123e-08
96,42.0,0.3,0.005,22.0,0.55,0.5279270988535443,0.011594152775259972
97,126.0,0.2,0.01,18.0,1.4,0.0006341993858298348,0.00020951649302719782
98,252.0,0.3,0.001,29.0,0.75,0.7483821049931474,0.23000477323771304
99,42.0,0.0,0.0025,13.0,1.15,0.0642253386582818,0.028949647259534025
