,Beta Range,Alpha,Gamma,Eta,Max Risk,Wealth,No Risk Wealth
0,252.0,0.0,0.0025,26.0,0.8,0.31163094129148755,0.014796425196920112
1,126.0,0.3,0.005,9.0,1.15,0.35193477709198656,0.32624408379855896
2,21.0,0.1,0.0025,29.0,0.6,0.5853475141730607,0.02171712590395054
3,63.0,0.2,0.0025,31.0,1.25,0.06766059166125518,0.03064791208789644
4,21.0,0.3,0.01,19.0,0.55,0.6882500649897464,0.0010840550600793395
5,63.0,0.1,0.0025,16.0,1.25,0.0875187192739224,0.05252701479795092
6,42.0,0.0,0.0,30.0,0.7,1.1543666856728736,0.8582877435038659
7,252.0,0.1,0.0,14.0,1.1,0.5801227364004704,0.6023503880122174
8,63.0,0.0,0.0025,29.0,0.8,0.16233913221970517,0.013991867562539867
9,63.0,0.2,0.0,27.0,0.8,0.5743941007255784,0.6991566243102684
10,42.0,0.3,0.0025,17.0,0.95,0.42682742367311677,0.16534929643071808
11,126.0,0.2,0.01,15.0,1.25,0.0034570980506331895,0.001052745716154045
12,126.0,0.3,0.001,18.0,1.4,0.43523943428740175,0.35995826552800875
13,21.0,0.0,0.0,31.0,1.05,0.6436595648819297,0.8806732086804688
14,126.0,0.3,0.005,9.0,0.6,1.1403813201327633,0.32624408379855896
15,126.0,0.2,0.001,18.0,1.15,0.4045716984147337,0.27072989454007274
16,21.0,0.3,0.001,27.0,1.3,0.3310223653553535,0.23388843681020288
17,126.0,0.3,0.01,13.0,0.6,0.619414364380005,0.022330266144964715
18,21.0,0.2,0.0,21.0,1.2,0.6194332443246187,0.6242700868722838
19,42.0,0.3,0.01,23.0,1.0,0.009265679080445227,0.00015963160296615338
20,21.0,0.2,0.01,22.0,1.45,0.00017431450341608468,3.713281271039607e-05
21,252.0,0.3,0.0025,30.0,1.15,0.09980536446644343,0.046774398186072014
22,252.0,0.2,0.0025,16.0,1.1,0.19281259327241326,0.11036103867206164
23,21.0,0.3,0.0,12.0,0.7,1.326746315755599,0.7605482034466089
24,126.0,0.3,0.0025,22.0,0.95,0.23978974025977215,0.07958678385936126
25,126.0,0.2,0.0025,26.0,0.9,0.25410883743825297,0.04150061701022956
26,21.0,0.3,0.0025,24.0,1.1,0.18798880146602456,0.06609866697116276
27,126.0,0.0,0.0,16.0,0.65,0.8500518161097743,0.6211306318434505
28,252.0,0.3,0.005,28.0,1.3,0.011746199862564982,0.004249735005787465
29,21.0,0.3,0.0025,23.0,0.65,0.8477629854160029,0.07163131871245533
30,21.0,0.0,0.0025,27.0,1.1,0.06413338800583938,0.01449712269293849
31,42.0,0.3,0.001,10.0,1.15,1.0710419829896065,0.6183309534177909
32,252.0,0.3,0.0025,21.0,1.1,0.2089020178554199,0.09054295198432058
33,126.0,0.1,0.005,19.0,1.35,0.006300330115262036,0.0024719283548610416
34,63.0,0.0,0.0,8.0,1.2,0.6191045426581743,0.6099728460664685
35,42.0,0.0,0.0025,13.0,0.65,0.403120621257591,0.028949647259534025
36,252.0,0.0,0.0025,12.0,0.6,0.6002810186660723,0.03250663007357613
37,126.0,0.2,0.01,9.0,1.25,0.06317153310719979,0.04084996537200944
38,252.0,0.1,0.0025,10.0,0.75,0.6887725142492547,0.13713895111442748
39,21.0,0.0,0.0,16.0,1.25,0.6592237139435495,0.6211306318434505
40,252.0,0.2,0.005,10.0,0.5,1.432399702022185,0.1196645977305072
41,252.0,0.0,0.001,12.0,0.95,0.432504178299176,0.189354187961005
42,21.0,0.2,0.0025,26.0,0.5,1.0085310618308747,0.04150061701022956
43,126.0,0.3,0.001,15.0,1.1,0.5064444811152239,0.4187995464399317
44,21.0,0.3,0.001,13.0,1.3,0.7194871953675422,0.5086199853939128
45,21.0,0.0,0.001,27.0,1.0,0.24105074063207863,0.16028698218753734
46,21.0,0.0,0.005,21.0,0.5,0.37721025541361625,0.0004235056444375551
47,42.0,0.0,0.0,16.0,1.3,0.6978531763513012,0.6211306318434505
48,42.0,0.3,0.01,18.0,1.2,0.007809795347149786,0.0017795718044387738
49,21.0,0.2,0.005,24.0,0.65,0.37224387041798784,0.003449445339724206
50,252.0,0.1,0.0025,27.0,0.75,0.3692147890448692,0.023770224390238175
51,42.0,0.3,0.0025,17.0,0.75,0.5719102470798112,0.16534929643071808
52,21.0,0.2,0.005,23.0,0.95,0.06564168411587792,0.004103150463276661
53,21.0,0.2,0.0,18.0,0.9,0.6512662222733631,0.5980916373277042
54,21.0,0.3,0.0,24.0,1.2,0.6105752536477512,0.5537655270021847
55,63.0,0.3,0.001,27.0,1.25,0.27387456043565694,0.23388843681020288
56,126.0,0.2,0.001,24.0,0.8,0.4907823426402077,0.23142983972910197
57,252.0,0.0,0.0,25.0,0.8,0.831631551483238,0.7560023682223744
58,42.0,0.3,0.01,24.0,1.45,0.00048144699006551884,0.00010908578075760141
59,42.0,0.2,0.0025,11.0,1.25,0.3346912048232299,0.24150325621856866
60,42.0,0.1,0.0,31.0,1.45,0.6977556156213864,0.7851568152926374
61,42.0,0.0,0.005,17.0,0.55,0.28757054001077276,0.000687379489014881
62,21.0,0.1,0.005,21.0,0.55,0.38143082114191074,0.0017714346237230655
63,42.0,0.1,0.0,17.0,1.3,0.6678949652575894,0.6163888058368724
64,252.0,0.2,0.01,25.0,1.05,0.0005959265305476542,1.2403613679893225e-05
65,42.0,0.2,0.005,13.0,0.5,0.8113813864968906,0.04659353245650476
66,21.0,0.3,0.0,21.0,1.3,0.5016919969645532,0.5555488015067505
67,126.0,0.2,0.0025,26.0,1.15,0.09800650139111808,0.04150061701022956
68,21.0,0.3,0.0025,14.0,0.5,1.6793011091083356,0.2482980812060498
69,252.0,0.0,0.0,16.0,1.3,0.6598705631142999,0.6211306318434505
70,21.0,0.2,0.005,15.0,0.8,0.3022177557031579,0.025960426407134987
71,21.0,0.1,0.01,29.0,1.35,2.5518419063072673e-05,4.6851372608988313e-07
72,63.0,0.3,0.005,8.0,1.45,0.4231794117834515,0.3883030120938094
73,21.0,0.0,0.001,25.0,0.65,0.797144909373062,0.1586889016766945
74,252.0,0.0,0.005,20.0,1.3,0.00198590466592477,0.0004690941240089953
75,126.0,0.3,0.01,20.0,1.4,0.0016675895402616433,0.0006449750929166855
76,63.0,0.0,0.01,22.0,0.5,0.13548677587708136,2.0355150681779197e-07
77,42.0,0.2,0.005,24.0,1.0,0.04321557964342294,0.003449445339724206
78,126.0,0.2,0.0025,20.0,0.7,0.38713493433675233,0.0671065020146215
79,63.0,0.1,0.001,27.0,0.6,0.5763753380311436,0.1864103172491819
80,252.0,0.3,0.005,24.0,1.45,0.0200144009899173,0.007850496021630439
81,21.0,0.1,0.0025,21.0,0.85,0.20880960720437736,0.034652643693138876
82,126.0,0.3,0.0025,12.0,1.3,0.39490630925084785,0.35997402545780177
83,252.0,0.3,0.01,26.0,0.95,0.018201290020421604,5.545671462274024e-05
84,63.0,0.2,0.005,17.0,0.65,0.43007201426216024,0.014449020652432306
85,63.0,0.3,0.01,9.0,1.25,0.2887721493602467,0.1405668021886497
86,126.0,0.0,0.0,12.0,0.75,0.46447558949703766,0.6120992322025566
87,126.0,0.3,0.005,31.0,0.8,0.10410809341430106,0.002861824381320763
88,63.0,0.1,0.005,27.0,1.45,0.0017845219337475932,0.0007612513506432044
89,21.0,0.0,0.005,10.0,0.95,0.052178732626588974,0.0028306214946015856
90,42.0,0.1,0.0,14.0,0.85,0.6505676843572555,0.6023503880122174
91,21.0,0.0,0.001,11.0,1.2,0.2730261824275882,0.19971297385066433
92,21.0,0.3,0.001,23.0,0.8,1.0070372148670992,0.2417332084489609
93,63.0,0.1,0.001,19.0,1.25,0.24328429241923874,0.21091748883519992
94,21.0,0.1,0.0025,16.0,1.3,0.08043887014094757,0.05252701479795092
95,252.0,0.0,0.0025,25.0,0.85,0.2915879608147197,0.015199812363567445
96,126.0,0.2,0.0,19.0,1.1,0.4957319130434386,0.5979023081359942
97,42.0,0.1,0.01,29.0,1.05,0.0003615447685004021,4.6851372608988313e-07
98,126.0,0.0,0.0025,16.0,0.75,0.22635113649657063,0.022306189975173526
99,252.0,0.0,0.001,30.0,1.4,0.18342107885154393,0.1646627515446699
