,Beta Range,Alpha,Gamma,Eta,Max Risk,Wealth,No Risk Wealth
0,252.0,0.15,0.005,0.1,1.0,20.414094404943533,12.92739389973265
1,21.0,0.25,0.001,1.1,1.4,13.251333779478967,14.920040349525589
2,252.0,0.25,0.005,0.1,1.4,12.92739389973265,12.92739389973265
3,42.0,0.4,0.01,0.9,1.05,12.331810982077501,8.41103986538022
4,63.0,0.25,0.0,1.1,0.55,26.67050403895848,15.828312899135426
5,42.0,0.05,0.01,0.5,0.85,44.48106498255875,15.262545320755148
6,252.0,0.4,0.01,0.4,0.75,26.67050403895848,8.879359369718419
7,42.0,0.0,0.0025,0.8,1.05,3.0255406018631623,0.30238222057355146
8,252.0,0.0,0.005,1.1,0.9,0.21548167735064372,0.0036751557392833614
9,42.0,0.2,0.01,1.1,0.75,34.00891862279477,17.33461424719533
10,21.0,0.3,0.0025,0.7,1.2,13.246701667364448,12.992642584486797
11,63.0,0.0,0.005,1.4,1.25,0.004534095353935895,0.0004573410136655391
12,42.0,0.4,0.0025,0.2,0.75,26.7975438871937,14.980521441223983
13,42.0,0.1,0.0025,0.7,1.0,44.860229116856075,38.061379495731515
14,21.0,0.1,0.01,1.1,0.6,59.10875985545564,12.494675781502087
15,126.0,0.05,0.0025,1.0,1.3,22.701819439047867,12.15245734009615
16,42.0,0.2,0.0,0.7,1.3,15.31752291248904,15.056886903215096
17,252.0,0.3,0.0025,0.5,1.45,13.627872283419194,13.627872283419194
18,63.0,0.4,0.01,1.3,0.85,26.055854438431332,7.825983053893007
19,42.0,0.0,0.0,1.1,1.3,2.4807448786865955,0.8782102209525259
20,42.0,0.25,0.0025,0.8,0.55,26.67050403895848,12.527283966930082
21,126.0,0.4,0.0,1.5,0.9,27.111307981759776,13.503257481576084
22,252.0,0.1,0.0,0.7,1.2,47.7635941091925,47.79534750009532
23,63.0,0.35,0.001,0.2,1.1,15.830860027828729,16.355675547818553
24,42.0,0.2,0.01,1.0,1.45,13.405908171269507,13.370956807776132
25,126.0,0.05,0.001,0.5,0.75,26.67050403895848,43.209500172710875
26,63.0,0.2,0.0025,0.2,1.05,16.11189427745883,14.980521441223983
27,252.0,0.25,0.005,0.7,1.05,12.834370831696985,11.268608690338477
28,126.0,0.25,0.0025,1.5,1.25,33.631369581596864,26.995540510328226
29,252.0,0.4,0.0,1.4,0.55,26.67050403895848,13.818541114347667
30,252.0,0.2,0.01,0.4,1.4,8.879359369718419,8.879359369718419
31,126.0,0.1,0.0,0.1,1.4,17.345271812609003,17.345271812609003
32,63.0,0.1,0.01,1.3,1.2,16.583713431555218,9.5376629917547
33,63.0,0.05,0.0,0.7,0.75,26.63162192479867,46.755905214902185
34,63.0,0.35,0.0,1.0,0.7,26.67050403895848,14.202421609438266
35,252.0,0.4,0.0025,0.4,1.35,13.687197304501494,13.687197304501494
36,63.0,0.0,0.0025,1.1,0.65,16.403685359081155,0.05685255391199802
37,21.0,0.25,0.001,0.2,1.45,16.32362960471908,16.355675547818553
38,126.0,0.4,0.0025,0.7,0.5,26.67050403895848,12.992642584486797
39,63.0,0.0,0.005,0.6,0.55,26.67050403895848,0.21570407419420806
40,42.0,0.0,0.0,0.4,1.15,17.260916256551432,11.98998140549492
41,252.0,0.1,0.0025,1.4,0.55,26.67050403895848,22.105143182558482
42,21.0,0.25,0.0,1.4,0.5,41.70722092384973,32.885672607078085
43,21.0,0.4,0.001,1.5,1.35,12.454673060098404,12.723688553275334
44,21.0,0.05,0.0025,0.4,0.6,29.369248813921203,34.23585641526364
45,21.0,0.0,0.0025,0.1,0.9,41.496433050017565,18.776869673197915
46,126.0,0.2,0.01,1.4,1.25,19.666307876617225,14.631885526077728
47,252.0,0.1,0.0,0.2,1.05,16.658384957158464,17.341867154665334
48,42.0,0.05,0.005,1.1,1.3,11.69614168334711,5.26632027400435
49,126.0,0.05,0.01,0.9,0.5,26.67050403895848,5.619015418789979
50,21.0,0.35,0.001,1.2,1.0,19.29428679614496,13.36336088556718
51,21.0,0.4,0.0,1.1,1.35,14.351245452707111,14.096040591596603
52,63.0,0.0,0.0,0.1,1.05,33.299276916058,25.07553614962147
53,63.0,0.0,0.0025,0.3,0.9,27.78193905305582,7.249123063033626
54,252.0,0.1,0.005,1.2,0.8,26.67050403895848,23.612870647814866
55,126.0,0.3,0.001,0.1,0.65,26.67050403895848,16.354889926680194
56,21.0,0.1,0.01,0.6,1.35,15.617869118546814,15.758606332169668
57,42.0,0.3,0.0,0.1,1.05,18.03702392881697,17.345271812609003
58,126.0,0.1,0.005,0.6,0.8,26.67050403895848,22.27709103420683
59,126.0,0.0,0.0,1.5,1.1,0.3555158379815557,0.282958897692201
60,42.0,0.4,0.0,0.8,1.3,14.703498313362577,14.511254120293705
61,252.0,0.35,0.005,0.2,1.05,13.536275100317969,12.94065701754558
62,21.0,0.05,0.0,0.8,1.4,49.77086297327754,36.341941267071725
63,63.0,0.3,0.0,0.9,1.25,13.893232295340555,14.831106900544576
64,63.0,0.35,0.01,0.4,1.45,8.879359369718419,8.879359369718419
65,252.0,0.3,0.005,0.7,1.1,12.330878247240939,11.268608690338477
66,21.0,0.1,0.005,1.5,0.9,36.8422207618068,11.187683746392056
67,42.0,0.25,0.0,1.3,1.05,26.105241079049854,32.62549330090882
68,42.0,0.1,0.005,0.8,0.95,39.328598338531854,28.176069892563934
69,21.0,0.05,0.005,1.5,0.75,13.639132026891584,0.8949941067102831
70,126.0,0.4,0.005,0.9,0.75,26.67050403895848,11.16901346002369
71,126.0,0.4,0.001,1.4,1.0,18.489534167841125,13.03558846009112
72,126.0,0.05,0.005,0.7,1.4,22.37019837034666,23.51158283657195
73,126.0,0.2,0.0,1.1,1.25,34.996711854213,35.56199060168454
74,63.0,0.4,0.01,0.8,0.8,26.283976916128005,8.198426335223706
75,126.0,0.35,0.0,1.4,1.15,16.07645520356821,12.801173497370671
76,21.0,0.15,0.005,1.0,1.15,28.88082517098511,29.923482706951486
77,252.0,0.15,0.0025,1.4,0.95,51.93812585522368,34.797583406400896
78,63.0,0.05,0.001,1.5,0.55,118.39406988632291,2.7219022240106883
79,21.0,0.3,0.0,0.8,0.7,26.79531710096173,14.511254120293705
80,21.0,0.35,0.0,0.1,0.9,25.99419583711368,17.345271812609003
81,63.0,0.2,0.001,0.5,1.2,14.067839045384892,14.858315941778974
82,252.0,0.3,0.001,1.0,1.45,13.413389477021257,13.413389477021257
83,252.0,0.1,0.0025,0.1,0.8,26.67050403895848,14.974312478835303
84,126.0,0.1,0.0025,1.4,1.4,30.770251155609284,22.105143182558482
85,252.0,0.35,0.0025,0.0,0.85,26.67050403895848,26.67050403888296
86,21.0,0.0,0.001,0.4,0.8,26.915068345990086,7.74358215799946
87,252.0,0.05,0.0025,0.4,1.45,34.10482343180611,34.23585641526364
88,42.0,0.35,0.005,0.1,1.15,13.180536242905655,12.92739389973265
89,42.0,0.3,0.005,0.6,0.65,26.67050403895848,11.308665641714484
90,126.0,0.3,0.01,1.3,0.5,26.67050403895848,8.87174092943093
91,21.0,0.2,0.005,0.7,1.25,11.490706455436149,11.313940602774654
92,252.0,0.15,0.001,1.3,0.6,26.67050403895848,38.984384859449555
93,63.0,0.2,0.0025,1.0,1.0,30.497734107971855,21.42942412679029
94,42.0,0.2,0.0,0.1,1.15,17.047889631624997,17.345271812609003
95,42.0,0.15,0.001,1.1,1.3,29.894551634540086,43.459514828294914
96,126.0,0.2,0.0025,1.4,0.5,26.67050403895848,30.536007367126857
97,252.0,0.4,0.001,1.4,0.5,26.67050403895848,13.03558846009112
98,42.0,0.1,0.001,0.5,1.15,15.401482037199294,18.166048837506782
99,21.0,0.25,0.01,0.3,0.5,26.780417928484162,9.161608913910522
