,Beta Range,Alpha,Gamma,Eta,Max Risk,Wealth,No Risk Wealth
0,42.0,0.0,0.0025,0.7,0.55,42.73421168658193,0.547709364585936
1,42.0,0.35,0.01,0.8,1.3,8.36577737126489,8.198426335223706
2,252.0,0.4,0.005,1.2,0.75,26.67050403895848,10.634097076879955
3,42.0,0.25,0.005,1.4,1.3,26.56830971398041,22.36790375680955
4,126.0,0.0,0.0025,0.0,0.55,26.67050403895848,26.67050403888296
5,42.0,0.3,0.01,0.0,0.5,26.67050403895848,26.67050403888296
6,42.0,0.1,0.005,0.7,0.75,37.793621873537504,30.30951772109087
7,63.0,0.15,0.0025,1.2,1.15,33.317061537532055,35.379429678707446
8,63.0,0.1,0.005,0.4,0.9,26.448458992070087,11.871862087869753
9,63.0,0.2,0.0,1.2,1.4,41.731789006004604,39.04438273392513
10,252.0,0.0,0.0025,1.3,0.65,26.67050403895848,0.021421699385882786
11,126.0,0.35,0.0,0.5,1.45,15.739718114386795,15.739718114386795
12,42.0,0.1,0.0,0.2,0.75,26.824525575727385,17.341867154665334
13,126.0,0.05,0.0025,1.2,0.9,25.992079381448196,5.904281130197619
14,63.0,0.3,0.005,1.3,0.65,26.67050403895848,11.991303142380321
15,252.0,0.3,0.0025,0.2,0.55,26.67050403895848,14.980521441223983
16,63.0,0.4,0.0025,0.8,0.6,26.67050403895848,12.580959352056569
17,42.0,0.35,0.005,0.3,0.9,26.258433449241576,12.254634569668974
18,63.0,0.3,0.0,0.1,0.95,24.688715403924334,17.345271812609003
19,252.0,0.2,0.0,0.2,0.65,26.67050403895848,17.341867154665334
20,63.0,0.35,0.0,1.4,0.55,26.67050403895848,12.801173497370671
21,126.0,0.1,0.0,0.8,0.95,54.671889203131315,49.24560668421982
22,126.0,0.25,0.0025,0.9,1.0,22.65325097598464,12.78437045960182
23,63.0,0.05,0.005,0.9,0.75,33.04797788687058,12.339105395160434
24,252.0,0.1,0.01,0.5,0.6,26.67050403895848,10.699002997470732
25,21.0,0.0,0.0025,0.5,1.35,5.545526308416758,2.0234391945549803
26,63.0,0.15,0.0,0.7,0.8,26.42411858467674,17.057332729707717
27,42.0,0.2,0.005,0.6,0.8,26.316675403205032,11.308665641714484
28,63.0,0.0,0.005,0.4,1.45,1.9732066602847105,1.3467176067594897
29,21.0,0.3,0.005,1.1,0.5,26.78150485105142,10.603899667008324
30,63.0,0.4,0.0025,0.7,1.4,13.130429186167932,12.992642584486797
31,21.0,0.05,0.0025,1.1,0.5,52.07195055655187,8.425901412261336
32,126.0,0.15,0.0,1.4,1.15,33.31745801126301,48.3299261866897
33,252.0,0.3,0.005,0.7,0.6,26.67050403895848,11.268608690338477
34,42.0,0.05,0.0,0.7,1.45,45.00362923681644,46.755905214902185
35,63.0,0.0,0.0,1.5,0.85,5.525040573920064,0.282958897692201
36,21.0,0.05,0.0,0.5,0.65,45.660417760095015,48.505449171102
37,252.0,0.1,0.0025,0.3,1.3,14.173012759979065,14.173012759979065
38,21.0,0.15,0.005,0.4,0.8,27.76307883581112,11.848731826790747
39,21.0,0.35,0.01,1.2,0.5,26.764311609790294,7.935203908091634
40,252.0,0.15,0.01,1.2,0.5,26.67050403895848,14.298279375786654
41,126.0,0.0,0.01,1.4,0.55,26.67050403895848,5.513944300308775e-07
42,63.0,0.4,0.0025,0.2,0.95,23.806635327592364,14.980521441223983
43,252.0,0.15,0.01,0.9,1.05,22.126860555529575,18.590467181264312
44,126.0,0.35,0.005,0.7,1.0,20.77701621220623,11.268608690338477
45,126.0,0.25,0.005,0.5,1.15,12.036670471620646,11.799334687701482
46,21.0,0.05,0.0025,1.0,1.35,25.763505092106765,12.15245734009615
47,126.0,0.3,0.001,0.0,0.7,26.67050403895848,26.67050403888296
48,126.0,0.4,0.01,0.8,1.3,8.366615115358904,8.198426335223706
49,126.0,0.05,0.001,1.3,0.65,26.67050403895848,6.01918633209855
50,63.0,0.2,0.005,0.3,0.65,26.67050403895848,12.254634569668974
51,252.0,0.35,0.0,0.8,0.85,26.67050403895848,14.511254120293705
52,252.0,0.35,0.0,0.3,1.2,16.391636991347465,16.391636991347465
53,42.0,0.25,0.01,1.3,1.25,17.629819527121647,16.2316726221245
54,42.0,0.35,0.0025,1.3,1.05,14.182520625483733,11.697100696911722
55,63.0,0.3,0.001,1.1,0.65,26.67050403895848,13.347336430626187
56,252.0,0.25,0.0025,0.2,1.25,14.980521441223983,14.980521441223983
57,126.0,0.15,0.001,0.1,0.55,26.67050403895848,16.354889926680194
58,252.0,0.3,0.0,1.2,1.0,25.994818424564023,13.668786522168043
59,21.0,0.1,0.01,1.4,1.45,15.525299889964371,6.961519199850353
60,63.0,0.15,0.0025,0.3,0.95,23.83691159253874,14.173012759979065
61,42.0,0.05,0.01,0.9,0.85,22.860042368208017,5.619015418789979
62,252.0,0.25,0.01,1.0,1.15,8.384166443902073,7.988244782589564
63,126.0,0.3,0.01,1.5,1.1,16.933842298802983,12.45634355454376
64,252.0,0.1,0.01,0.4,0.95,23.59356971248432,8.884983241213423
65,252.0,0.35,0.0,0.1,1.1,16.82328880952013,17.345271812609003
66,63.0,0.4,0.0025,1.0,0.6,26.67050403895848,12.316200047811606
67,21.0,0.3,0.005,0.1,1.15,14.261033388421918,12.92739389973265
68,42.0,0.3,0.0025,1.5,0.75,34.75028932139323,20.5892657124599
69,42.0,0.3,0.0025,1.4,0.55,26.67050403895848,15.787471813436111
70,252.0,0.25,0.005,0.5,0.5,26.67050403895848,11.799334687701482
71,252.0,0.1,0.0025,1.1,0.5,26.67050403895848,34.45153235113207
72,252.0,0.35,0.001,0.7,0.9,27.539127506688427,14.151192442042436
73,63.0,0.15,0.0,1.1,0.55,26.67050403895848,48.43470143593419
74,42.0,0.05,0.005,1.3,0.6,28.59693523897047,2.4228531196685243
75,126.0,0.15,0.0,1.1,0.55,26.67050403895848,48.43470143593419
76,21.0,0.4,0.0025,0.2,0.65,26.75077946575772,14.980521441223983
77,126.0,0.05,0.0,1.5,1.25,5.211743473819438,3.5942742557030596
78,63.0,0.4,0.0025,0.0,0.7,26.67050403895848,26.67050403888296
79,126.0,0.4,0.0,0.2,1.35,17.341867154665334,17.341867154665334
80,252.0,0.4,0.0025,1.2,0.65,26.67050403895848,12.281625479002162
81,21.0,0.15,0.01,1.1,1.2,20.54758434588626,16.382964898355453
82,63.0,0.4,0.0025,0.9,1.2,12.665262461450652,12.87048717691652
83,252.0,0.05,0.0,0.3,0.95,27.077518714117698,20.248438786382714
84,126.0,0.35,0.001,1.3,1.3,12.775741270421946,12.777165395751771
85,42.0,0.35,0.0,1.4,1.35,12.875359263734602,12.801173497370671
86,42.0,0.2,0.0025,1.1,1.05,29.34574570211606,29.714763637346813
87,252.0,0.25,0.01,0.2,1.35,9.656285123224825,9.656285123224825
88,63.0,0.0,0.0025,1.2,1.45,0.08105080819920482,0.03475437160934552
89,21.0,0.15,0.005,0.9,1.4,24.846579051975432,27.4391931101116
90,21.0,0.3,0.005,0.1,1.2,13.223213731431803,12.92739389973265
91,21.0,0.25,0.0025,0.9,1.35,12.361135950344176,12.78437045960182
92,126.0,0.25,0.001,1.4,1.4,31.89712453322285,30.446088718476712
93,63.0,0.1,0.0025,0.9,1.0,37.054677848049245,34.12207935553915
94,126.0,0.3,0.01,0.3,1.3,9.183521643997175,9.161608913910522
95,63.0,0.25,0.001,1.4,1.45,34.74859554638864,30.446088718476712
96,42.0,0.25,0.005,1.3,0.75,34.09725902085853,23.012591065098714
97,21.0,0.1,0.001,1.5,0.9,50.21602922842486,21.49287711077706
98,21.0,0.3,0.005,0.1,0.9,24.305528624114988,12.92739389973265
99,252.0,0.35,0.001,0.3,1.15,16.30831401022976,15.465304217868885
