,Beta Range,Alpha,Gamma,Eta,Max Risk,Wealth
0,252.0,0.35,0.001,0.1,1.3,16.354889926680194
1,42.0,0.35,0.0025,1.5,1.35,13.22635152924184
2,126.0,0.2,0.001,0.0,1.2,26.67050403888296
3,63.0,0.15,0.001,0.9,1.15,37.27838610032163
4,21.0,0.1,0.01,0.2,1.15,11.056211301077399
5,42.0,0.1,0.0025,0.8,0.6,30.562075230752566
6,126.0,0.0,0.01,0.6,1.3,0.05189354061838462
7,21.0,0.0,0.001,0.9,0.8,14.622672498334516
8,63.0,0.2,0.001,0.3,1.25,15.283616989900993
9,252.0,0.1,0.005,1.5,1.1,18.442916501515608
10,252.0,0.1,0.005,1.5,1.3,31.52954829626931
11,63.0,0.25,0.01,0.2,1.15,9.605582689924864
12,252.0,0.35,0.001,0.9,1.3,14.013361474990178
13,126.0,0.15,0.01,1.5,1.25,19.925308729292972
14,63.0,0.4,0.005,0.2,0.55,26.67050403895848
15,252.0,0.15,0.001,0.2,0.55,26.67050403895848
16,42.0,0.3,0.0025,1.0,0.85,26.476692207534985
17,21.0,0.4,0.0,1.5,0.85,27.333379716645325
18,126.0,0.4,0.0,0.8,1.3,14.793499159850082
19,42.0,0.0,0.001,1.1,0.55,16.41402954623013
20,42.0,0.2,0.005,0.3,0.65,26.67050403895848
21,126.0,0.35,0.0,0.7,0.75,26.67050403895848
22,42.0,0.05,0.005,0.5,0.85,53.28002824866874
23,126.0,0.2,0.01,0.3,1.05,13.744035438741758
24,21.0,0.05,0.001,1.0,1.2,30.078860843743836
25,21.0,0.25,0.001,0.7,1.35,14.366144039390878
26,63.0,0.3,0.0,0.4,0.9,27.729392271304743
27,21.0,0.1,0.01,1.5,1.05,17.868870426968453
28,63.0,0.3,0.005,0.8,0.95,22.343278731104974
29,42.0,0.3,0.01,1.1,1.05,11.634491574117074
30,63.0,0.0,0.0025,1.4,0.6,10.67362218873015
31,252.0,0.15,0.001,0.5,0.95,26.677122480169054
32,21.0,0.1,0.001,1.0,1.05,44.27229065271525
33,42.0,0.4,0.01,0.0,1.3,26.67050403888296
34,21.0,0.25,0.001,0.3,1.45,15.261462740082013
35,63.0,0.0,0.0025,1.0,1.4,0.18375113921867106
36,42.0,0.05,0.0025,1.5,1.0,10.532521384841683
37,126.0,0.1,0.01,0.1,0.85,26.724727137416803
38,63.0,0.2,0.0,0.7,1.45,15.056886903215096
39,42.0,0.2,0.0,1.2,1.45,41.178156706345725
40,63.0,0.2,0.005,0.3,1.25,12.153461156534158
41,126.0,0.2,0.0,1.2,1.1,39.3173835059792
42,252.0,0.3,0.001,0.2,0.9,27.541840146333225
43,126.0,0.4,0.001,1.4,1.4,13.03558846009112
44,126.0,0.25,0.0025,0.0,0.95,26.67050403888578
45,42.0,0.4,0.0025,0.3,1.0,18.292876342558774
46,63.0,0.3,0.005,0.9,0.65,26.67050403895848
47,126.0,0.4,0.0,0.7,0.8,26.67050403895848
48,63.0,0.3,0.01,1.3,0.65,26.67050403895848
49,252.0,0.35,0.0025,1.2,1.3,12.251547103138792
50,21.0,0.4,0.001,0.3,0.75,28.549426363524624
51,42.0,0.35,0.001,0.5,0.8,26.50351829991766
52,63.0,0.0,0.01,0.4,0.95,2.299944207385228
53,252.0,0.1,0.01,0.0,0.9,26.670504038931963
54,63.0,0.0,0.0025,1.0,1.25,0.32288182157510686
55,21.0,0.2,0.001,1.0,1.3,16.820515064514918
56,252.0,0.2,0.01,1.0,1.35,13.370956807776132
57,63.0,0.4,0.005,0.8,0.75,26.67050403895848
58,126.0,0.0,0.01,0.8,0.95,0.18895734931492664
59,21.0,0.2,0.01,0.1,1.05,13.967663433652401
60,42.0,0.0,0.0025,1.0,0.75,6.589077658143172
61,126.0,0.3,0.01,1.4,0.5,26.67050403895848
62,63.0,0.2,0.0,1.5,1.0,48.98512497931392
63,42.0,0.15,0.0,0.5,0.6,26.67050403895848
64,63.0,0.15,0.001,0.1,1.15,16.132156204826874
65,126.0,0.2,0.0,1.5,1.2,41.09964830959326
66,21.0,0.35,0.0025,1.5,1.15,12.480838631643834
67,63.0,0.2,0.0,0.5,0.9,27.676920143545768
68,252.0,0.35,0.0025,1.0,1.45,12.316200047811606
69,63.0,0.2,0.01,0.6,1.3,8.779790872886016
70,21.0,0.35,0.0025,0.5,0.5,26.80193165191953
71,63.0,0.05,0.0,0.8,1.45,45.596162863481
72,252.0,0.3,0.0025,1.1,1.2,12.302555946600814
73,21.0,0.1,0.005,1.5,1.0,32.10571242974243
74,126.0,0.0,0.005,1.2,0.85,0.847999448186848
75,63.0,0.25,0.0,1.4,1.05,39.348222292533514
76,63.0,0.2,0.001,1.1,0.85,28.56943394413921
77,21.0,0.25,0.01,1.3,0.55,35.486777183172165
78,63.0,0.35,0.005,1.0,0.8,26.328577837033862
79,126.0,0.1,0.001,1.4,0.95,55.75808821809786
80,63.0,0.25,0.001,1.4,0.55,26.67050403895848
81,252.0,0.2,0.001,1.4,0.7,26.67050403895848
82,21.0,0.15,0.005,0.0,1.15,26.67050403888296
83,21.0,0.05,0.01,1.5,0.75,7.9776907010162565
84,42.0,0.2,0.005,0.9,1.15,12.988726299083604
85,63.0,0.0,0.001,1.2,0.75,9.974774196340654
86,252.0,0.25,0.0,0.2,1.35,17.341867154665334
87,21.0,0.15,0.0,0.9,1.4,34.54900347669039
88,42.0,0.05,0.001,0.0,1.2,26.67050403888296
89,21.0,0.2,0.0,0.9,0.7,32.112117404968416
90,21.0,0.2,0.0025,1.1,1.4,25.752421576120447
91,42.0,0.3,0.0,0.0,1.1,26.67050403888296
92,252.0,0.1,0.001,0.9,1.05,36.78251129925662
93,42.0,0.35,0.005,0.4,1.15,12.502483505599047
94,21.0,0.2,0.001,0.2,0.55,26.90776285826823
95,63.0,0.0,0.0025,0.0,0.5,26.67050403895848
96,42.0,0.4,0.0,0.9,1.1,15.017199944069054
97,63.0,0.25,0.0025,1.3,0.55,26.67050403895848
98,126.0,0.35,0.001,1.2,1.2,13.812887014125486
99,42.0,0.15,0.0025,0.2,1.0,21.568869448229975
