,Beta Range,Alpha,Gamma,Eta,Max Risk,Wealth
0,42.0,0.2,0.0,1.1,0.6,30.35390472987059
1,63.0,0.05,0.001,1.2,0.5,32.909315732352994
2,126.0,0.1,0.0025,0.2,0.55,26.67050403895848
3,126.0,0.25,0.0025,0.1,1.3,15.030019074016463
4,63.0,0.05,0.0025,1.3,1.45,6.576300254064552
5,252.0,0.35,0.005,0.6,1.15,11.400872454456257
6,63.0,0.15,0.01,1.3,0.9,15.719500492398815
7,42.0,0.1,0.0025,0.8,0.75,50.9500316593239
8,63.0,0.25,0.001,1.2,1.3,18.040208271591293
9,252.0,0.3,0.01,0.9,1.25,8.41103986538022
10,63.0,0.2,0.001,0.8,0.5,26.67050403895848
11,63.0,0.05,0.01,0.7,1.45,16.667378164982892
12,42.0,0.1,0.005,0.9,1.05,29.089088981628304
13,42.0,0.15,0.0,0.5,0.85,26.821923342485082
14,63.0,0.3,0.01,0.1,0.8,26.2962670114182
15,21.0,0.4,0.001,0.2,1.3,16.42233098818402
16,126.0,0.25,0.0025,0.1,0.55,26.67050403895848
17,126.0,0.4,0.01,0.7,0.75,26.67050403895848
18,63.0,0.15,0.001,1.4,0.85,40.21938244612549
19,252.0,0.4,0.0,0.6,1.35,15.055682592557336
20,42.0,0.2,0.0025,0.2,1.1,14.990590236029565
21,126.0,0.0,0.01,0.2,1.35,3.2713710910957023
22,42.0,0.3,0.005,0.8,0.55,26.67050403895848
23,63.0,0.1,0.0,0.6,1.1,32.448831469781666
24,42.0,0.15,0.005,1.3,1.35,22.803312957400035
25,21.0,0.2,0.001,0.1,1.05,18.925399772161114
26,252.0,0.2,0.0,0.9,0.6,26.67050403895848
27,21.0,0.4,0.001,1.3,1.25,13.32068841137214
28,21.0,0.25,0.0025,1.3,1.2,24.01788782500611
29,42.0,0.15,0.01,1.3,0.95,19.26390338537521
30,21.0,0.25,0.001,1.3,1.35,21.624170303787007
31,252.0,0.3,0.0025,0.0,0.55,26.67050403895848
32,126.0,0.25,0.001,0.3,1.45,15.465304217868885
33,42.0,0.3,0.001,0.1,0.65,26.67050403895848
34,126.0,0.4,0.0,0.1,1.4,17.345271812609003
35,42.0,0.0,0.001,0.7,1.1,6.364705232269802
36,126.0,0.35,0.0,1.1,0.6,26.67050403895848
37,63.0,0.1,0.005,1.0,0.85,44.55083013943245
38,42.0,0.35,0.005,0.3,0.75,26.771239336953112
39,252.0,0.1,0.0,0.4,1.4,15.862602553474487
40,21.0,0.4,0.001,1.3,1.2,13.205637156777296
41,126.0,0.15,0.01,0.3,0.85,26.71970278237392
42,63.0,0.0,0.001,1.4,0.8,4.495692982332571
43,252.0,0.2,0.001,0.6,1.05,15.094363712197364
44,21.0,0.15,0.0,0.1,1.45,17.354520659605996
45,63.0,0.4,0.0,0.3,1.35,16.35711011609796
46,126.0,0.15,0.0025,0.7,1.2,14.55778763458198
47,21.0,0.0,0.001,1.4,1.25,0.24943498286651816
48,21.0,0.05,0.0,0.9,1.3,45.259482011293535
49,63.0,0.15,0.0025,0.8,0.55,26.67050403895848
50,126.0,0.4,0.0,0.6,0.85,26.952677829988307
51,126.0,0.25,0.0025,0.6,1.1,15.295700236208694
52,63.0,0.4,0.001,0.4,0.5,26.67050403895848
53,21.0,0.1,0.005,0.6,1.45,20.538029007628438
54,63.0,0.15,0.001,1.0,1.45,39.44756332247696
55,252.0,0.1,0.0025,0.7,1.25,39.641555315181414
56,42.0,0.15,0.0,0.2,0.75,26.824525575727385
57,126.0,0.05,0.005,0.8,0.5,26.67050403895848
58,63.0,0.4,0.001,0.6,0.65,26.67050403895848
59,126.0,0.3,0.0025,0.0,1.15,26.67050403888296
60,21.0,0.15,0.005,0.4,1.05,14.981300307663416
61,126.0,0.0,0.0,0.2,0.8,26.67050403895848
62,21.0,0.3,0.01,1.2,0.5,26.764311609790294
63,42.0,0.35,0.0025,0.4,0.55,26.67050403895848
64,126.0,0.05,0.0,0.6,1.15,39.027919438291846
65,42.0,0.25,0.0025,0.6,1.1,14.527915296100263
66,63.0,0.0,0.0025,1.2,1.35,0.08248822790098033
67,252.0,0.4,0.01,1.1,1.2,8.06338579993787
68,252.0,0.35,0.0025,0.3,0.8,26.67050403895848
69,252.0,0.25,0.01,1.3,0.85,26.67050403895848
70,63.0,0.25,0.01,0.3,1.0,16.610819679502324
71,63.0,0.1,0.0,0.2,1.45,17.341867154665334
72,21.0,0.0,0.0025,0.0,1.15,26.67050403888296
73,126.0,0.25,0.0025,0.5,0.9,27.758773070374602
74,42.0,0.25,0.0,1.5,1.45,44.21728810833645
75,252.0,0.4,0.001,1.2,0.6,26.67050403895848
76,42.0,0.35,0.0025,1.0,0.55,26.67050403895848
77,252.0,0.4,0.0,0.9,1.4,14.831106900544576
78,126.0,0.05,0.001,0.3,1.35,19.183823902536403
79,63.0,0.25,0.001,0.7,0.65,26.67050403895848
80,63.0,0.1,0.005,0.5,1.3,14.171856628197485
81,126.0,0.15,0.0025,0.6,1.35,13.017400880010241
82,42.0,0.35,0.001,0.0,0.5,26.67050403895848
83,42.0,0.3,0.0,1.5,1.15,22.135205148708287
84,252.0,0.15,0.005,0.3,0.7,26.67050403895848
85,42.0,0.2,0.0025,1.3,1.45,34.29128849848177
86,63.0,0.3,0.001,1.3,0.75,26.67050403895848
87,252.0,0.0,0.0025,0.2,1.2,17.413859142628574
88,126.0,0.25,0.01,1.1,0.95,23.39895405605374
89,252.0,0.35,0.001,0.2,0.5,26.67050403895848
90,21.0,0.3,0.005,0.6,1.1,13.169399847095924
91,63.0,0.25,0.001,1.1,1.25,15.039895649188015
92,126.0,0.05,0.0,0.0,0.85,26.67050403893065
93,126.0,0.35,0.01,1.0,0.85,26.645674128512574
94,42.0,0.15,0.0,0.9,0.6,30.31042334630878
95,63.0,0.4,0.001,1.5,0.8,26.487104991999544
96,63.0,0.35,0.01,0.5,0.55,26.67050403895848
97,42.0,0.15,0.01,1.1,0.7,41.71629709077727
98,126.0,0.2,0.01,0.6,1.25,8.55906874538772
99,42.0,0.05,0.0,1.2,0.9,34.42210112203399
