,Beta Range,Alpha,Gamma,Eta,Max Risk,Wealth
0,42.0,0.15,0.001,1.3,1.3,43.187005047262176
1,21.0,0.3,0.01,0.9,1.35,8.036498336385131
2,63.0,0.1,0.005,0.6,0.95,33.86718145154727
3,63.0,0.05,0.0,1.1,1.1,25.451692973523087
4,252.0,0.2,0.005,0.7,0.7,26.67050403895848
5,42.0,0.4,0.01,0.4,1.3,8.913396964054575
6,252.0,0.1,0.001,0.5,1.15,18.044118183531655
7,42.0,0.4,0.005,0.0,1.4,26.67050403888296
8,252.0,0.2,0.01,1.3,1.1,20.346615482974613
9,42.0,0.05,0.005,0.3,1.25,14.974875356406496
10,21.0,0.25,0.0025,0.6,1.35,13.902317269069258
11,42.0,0.3,0.0025,1.4,1.05,20.78779944730059
12,252.0,0.35,0.005,0.6,1.25,11.308665641714484
13,252.0,0.3,0.01,0.3,1.05,10.569814495478775
14,42.0,0.05,0.0025,1.5,1.25,4.216125166779231
15,63.0,0.25,0.0025,1.1,1.35,14.24239429875879
16,42.0,0.1,0.0,0.8,0.75,52.571709194435755
17,21.0,0.25,0.01,1.4,0.85,35.343262800143165
18,21.0,0.0,0.0,1.4,1.3,0.6706017416535158
19,126.0,0.3,0.001,0.7,1.1,15.9754529354299
20,21.0,0.05,0.005,0.7,0.8,53.50550396698432
21,21.0,0.1,0.005,0.7,1.1,30.03612924135313
22,63.0,0.05,0.001,0.4,1.2,40.40789734533591
23,126.0,0.1,0.01,0.4,1.35,8.884983241213423
24,126.0,0.25,0.0025,0.9,1.45,12.78437045960182
25,126.0,0.3,0.001,0.7,1.3,14.17045562556798
26,21.0,0.35,0.005,0.9,0.75,27.712910727058553
27,63.0,0.4,0.01,0.0,1.25,26.67050403888296
28,126.0,0.1,0.005,0.3,0.9,27.32444266201049
29,42.0,0.1,0.0025,0.8,0.55,26.67050403895848
30,21.0,0.15,0.01,1.0,1.3,19.42613181434978
31,63.0,0.35,0.001,1.4,0.8,26.51168831447303
32,63.0,0.3,0.0025,0.9,0.5,26.67050403895848
33,63.0,0.05,0.0025,1.4,1.45,3.5260962192036396
34,126.0,0.2,0.001,0.1,0.7,26.67050403895848
35,252.0,0.05,0.001,0.4,0.5,26.67050403895848
36,42.0,0.05,0.0,1.1,1.3,22.121289668746545
37,21.0,0.4,0.005,0.8,0.9,25.186449654235396
38,63.0,0.35,0.0,0.7,0.9,26.626954559577463
39,63.0,0.25,0.01,0.8,0.7,26.67050403895848
40,42.0,0.1,0.0,1.4,1.0,34.97611827916795
41,63.0,0.2,0.001,1.5,1.45,38.97893074875488
42,252.0,0.3,0.0,1.2,0.7,26.67050403895848
43,42.0,0.4,0.01,0.1,1.4,9.593254356055093
44,252.0,0.0,0.01,1.3,0.95,0.0018525721169964041
45,63.0,0.0,0.01,0.4,0.7,18.290444654011992
46,42.0,0.0,0.0,1.0,1.2,2.720649266421995
47,21.0,0.25,0.005,0.9,0.9,25.78162121761725
48,21.0,0.1,0.0,0.6,1.4,28.584070761862584
49,252.0,0.15,0.005,0.7,1.2,12.746198868904806
50,63.0,0.3,0.0,1.1,1.45,14.137616459524624
51,126.0,0.35,0.0025,0.9,0.75,26.67050403895848
52,63.0,0.2,0.001,0.7,0.95,27.154494743517457
53,126.0,0.2,0.005,1.0,0.85,26.76534323161652
54,252.0,0.15,0.01,1.3,0.55,26.67050403895848
55,21.0,0.1,0.001,0.9,0.55,52.90893343675525
56,126.0,0.3,0.005,1.3,1.05,17.355194800214022
57,126.0,0.35,0.001,0.0,1.4,26.67050403888296
58,126.0,0.25,0.005,0.5,1.05,16.58832406751952
59,126.0,0.1,0.001,1.5,1.25,30.853638249750173
60,252.0,0.15,0.0,1.0,0.75,26.67050403895848
61,42.0,0.1,0.005,0.5,0.55,26.67050403895848
62,63.0,0.15,0.0,0.0,0.55,26.67050403895848
63,252.0,0.3,0.0,1.5,0.85,26.67050403895848
64,126.0,0.35,0.0,1.2,1.35,14.160063616222807
65,252.0,0.4,0.0025,0.9,1.0,18.53181152300962
66,126.0,0.0,0.005,0.9,1.15,0.23025436823308953
67,21.0,0.3,0.001,1.0,0.9,25.26670880220414
68,252.0,0.05,0.0,0.8,0.7,26.67050403895848
69,63.0,0.0,0.0,1.3,0.65,21.020659426092
70,126.0,0.3,0.001,0.4,0.95,28.822193939276335
71,126.0,0.15,0.005,0.0,0.55,26.67050403895848
72,42.0,0.2,0.005,0.0,1.15,26.67050403888296
73,42.0,0.3,0.01,0.0,1.05,26.67050403888296
74,126.0,0.1,0.01,0.8,1.45,19.986131292147675
75,42.0,0.15,0.0025,0.2,0.75,26.7975438871937
76,126.0,0.25,0.01,1.4,0.7,26.67050403895848
77,63.0,0.4,0.001,0.7,1.0,20.81445216877348
78,21.0,0.15,0.0025,0.3,0.5,26.80082945170414
79,63.0,0.0,0.0,0.2,1.4,20.994841974957808
80,252.0,0.2,0.0,0.1,0.8,26.67050403895848
81,21.0,0.15,0.005,0.2,1.45,12.937813460156269
82,21.0,0.2,0.01,1.3,0.5,43.62959354272361
83,252.0,0.25,0.01,0.0,1.45,26.67050403888296
84,42.0,0.3,0.005,0.5,0.7,26.413024250471175
85,126.0,0.15,0.0,0.5,1.3,15.921213151735936
86,126.0,0.05,0.01,0.3,1.35,11.18848838210299
87,252.0,0.4,0.005,0.3,0.75,26.67050403895848
88,42.0,0.0,0.0,0.1,1.2,23.106398625011575
89,42.0,0.15,0.0,0.0,1.2,26.67050403888296
90,126.0,0.3,0.005,1.3,0.5,26.67050403895848
91,21.0,0.3,0.01,1.3,0.5,26.76056555975452
92,42.0,0.35,0.001,0.9,1.1,14.368482881744484
93,252.0,0.3,0.005,0.8,0.65,26.67050403895848
94,126.0,0.4,0.005,1.5,1.1,13.21796426767654
95,252.0,0.25,0.01,0.9,0.5,26.67050403895848
96,63.0,0.25,0.005,1.0,1.1,12.490669164519206
97,126.0,0.1,0.005,1.2,1.45,25.24686242917981
98,63.0,0.05,0.01,1.1,1.2,7.20719294344125
99,252.0,0.3,0.0,0.6,0.65,26.67050403895848
