,Beta Range,Alpha,Gamma,Eta,Max Risk,Wealth
0,63.0,0.0,0.0025,0.8,1.45,0.5647874081174039
1,63.0,0.25,0.0025,0.3,0.85,26.620124296160053
2,126.0,0.25,0.005,0.3,1.4,12.254634569668974
3,42.0,0.35,0.0,0.8,0.9,27.30864256749177
4,126.0,0.15,0.001,0.9,0.5,26.67050403895848
5,42.0,0.3,0.005,0.2,1.2,13.659562038297143
6,42.0,0.0,0.001,0.7,1.15,4.272434024413885
7,126.0,0.35,0.0,1.3,1.45,13.552050972063368
8,63.0,0.35,0.0,0.2,0.5,26.67050403895848
9,63.0,0.05,0.001,0.6,1.3,48.1096285347961
10,21.0,0.05,0.01,0.5,1.45,19.826917838264663
11,126.0,0.2,0.0,0.5,1.15,15.508993926167571
12,252.0,0.4,0.0,0.3,0.5,26.67050403895848
13,63.0,0.15,0.001,1.3,1.05,28.26260914177772
14,63.0,0.4,0.0025,0.7,1.3,13.058492380361171
15,42.0,0.3,0.01,0.0,0.8,26.670504038885387
16,126.0,0.1,0.005,1.0,1.45,21.844398987578685
17,42.0,0.25,0.001,0.5,0.6,26.67050403895848
18,42.0,0.15,0.005,0.7,1.0,22.30580134317093
19,42.0,0.3,0.001,1.5,1.25,24.909200256146868
20,42.0,0.4,0.001,0.4,0.5,26.67050403895848
21,126.0,0.1,0.01,1.2,1.0,27.122061394429718
22,252.0,0.35,0.005,1.3,1.4,10.0960080165039
23,42.0,0.05,0.005,0.5,0.65,29.370854011505386
24,126.0,0.25,0.0,0.1,1.2,17.587577060931764
25,42.0,0.05,0.0025,0.0,0.65,26.67050403895848
26,63.0,0.35,0.0025,0.8,0.7,26.67050403895848
27,63.0,0.25,0.0025,0.5,1.25,13.18380423459047
28,21.0,0.3,0.01,0.6,0.8,27.118622737970632
29,126.0,0.2,0.0,0.6,1.4,15.055682592557336
30,252.0,0.0,0.01,0.9,1.25,0.0007765249974773157
31,252.0,0.35,0.005,1.5,0.5,26.67050403895848
32,126.0,0.0,0.01,0.2,1.05,7.614072406302555
33,63.0,0.4,0.005,0.3,1.1,13.2925467464387
34,126.0,0.05,0.0025,0.7,1.15,30.98384812143818
35,252.0,0.3,0.0,1.1,0.55,26.67050403895848
36,252.0,0.4,0.005,1.0,1.45,10.680447666061612
37,21.0,0.4,0.01,1.1,1.3,8.028784402643911
38,63.0,0.3,0.01,0.9,0.95,20.42295894494015
39,21.0,0.15,0.001,0.2,0.65,26.77426640697967
40,252.0,0.35,0.01,1.0,0.55,26.67050403895848
41,42.0,0.3,0.0,0.4,0.55,26.67050403895848
42,21.0,0.0,0.001,0.5,1.05,11.732563280414377
43,63.0,0.3,0.0,0.3,1.1,16.741410373284758
44,63.0,0.0,0.01,1.5,0.5,1.9804068894848315
45,42.0,0.15,0.001,0.8,1.0,31.460764214556363
46,252.0,0.0,0.005,1.5,1.35,0.0006331910853457167
47,126.0,0.15,0.005,1.2,0.8,26.67050403895848
48,63.0,0.05,0.0,1.5,0.55,121.77073551472536
49,42.0,0.25,0.0,1.4,1.05,39.05163650075652
50,63.0,0.35,0.01,0.6,1.45,8.494069109894623
51,42.0,0.15,0.0,1.3,1.45,34.993678903668844
52,252.0,0.25,0.01,1.0,0.6,26.67050403895848
53,63.0,0.35,0.0025,1.2,0.5,26.67050403895848
54,252.0,0.0,0.0025,0.3,0.65,26.67050403895848
55,252.0,0.35,0.0025,0.3,0.75,26.67050403895848
56,42.0,0.05,0.0,0.3,1.1,20.66833685758802
57,126.0,0.3,0.0,0.2,1.4,17.341867154665334
58,42.0,0.0,0.001,0.5,1.2,12.857542290690175
59,21.0,0.35,0.0025,0.7,0.75,28.456236541361132
60,42.0,0.15,0.0025,1.0,0.95,48.12226718954538
61,42.0,0.1,0.0025,0.4,1.4,13.455435456494572
62,252.0,0.05,0.001,0.0,1.35,26.67050403888296
63,252.0,0.3,0.0025,1.0,1.1,13.35746482561918
64,42.0,0.05,0.01,0.9,1.25,15.195258758802897
65,42.0,0.3,0.001,0.1,1.15,16.19286067349075
66,21.0,0.35,0.0025,0.0,0.5,26.670504038891806
67,63.0,0.3,0.0,0.0,0.75,26.67050403895848
68,21.0,0.1,0.001,0.4,1.05,19.096718323303193
69,252.0,0.05,0.0,1.0,0.8,26.67050403895848
70,42.0,0.35,0.0025,0.7,0.9,26.333915038725177
71,252.0,0.2,0.001,0.4,0.85,26.67050403895848
72,21.0,0.25,0.005,1.5,1.3,25.15866444130446
73,126.0,0.15,0.001,0.0,0.7,26.67050403895848
74,21.0,0.1,0.001,1.2,0.55,66.72428992893819
75,21.0,0.0,0.0,0.1,0.9,46.73674800380595
76,42.0,0.05,0.0025,0.1,1.15,14.990032554858418
77,21.0,0.25,0.005,0.6,0.85,26.71069618383933
78,21.0,0.35,0.001,0.7,0.5,26.80344619451971
79,21.0,0.05,0.001,1.1,1.1,21.929683375349672
80,63.0,0.3,0.001,0.6,1.25,14.130194434630393
81,63.0,0.4,0.01,0.1,1.1,10.480993041105082
82,126.0,0.05,0.01,0.2,1.0,16.684621377593725
83,42.0,0.1,0.0025,0.3,0.5,26.67050403895848
84,42.0,0.25,0.005,0.3,1.15,13.098498971354918
85,126.0,0.35,0.001,0.1,0.85,26.93859639993539
86,63.0,0.4,0.005,0.8,1.15,11.970867053586375
87,126.0,0.25,0.01,0.0,1.45,26.67050403888296
88,63.0,0.35,0.005,1.0,0.5,26.67050403895848
89,21.0,0.35,0.0025,0.0,1.15,26.67050403888296
90,63.0,0.4,0.001,0.7,1.1,15.481058681812963
91,21.0,0.1,0.0025,1.5,0.7,58.14057269422706
92,21.0,0.0,0.0025,0.8,1.0,3.0237519450413606
93,126.0,0.0,0.001,1.0,0.8,4.368703106502331
94,42.0,0.1,0.005,1.2,1.1,29.99972594954538
95,252.0,0.15,0.001,0.2,1.35,16.355675547818553
96,63.0,0.4,0.01,0.2,0.6,26.67050403895848
97,126.0,0.3,0.005,1.1,0.9,27.253387794857883
98,42.0,0.35,0.01,1.3,0.85,26.261309847838863
99,42.0,0.15,0.0,1.4,0.75,42.05356528152641
