,Beta Range,Alpha,Gamma,Eta,Max Risk,Wealth
0,42.0,0.25,0.001,0.9,1.0,24.41306412005455
1,126.0,0.35,0.0,0.7,1.0,23.330931662943495
2,42.0,0.3,0.01,0.3,1.15,10.161000276205908
3,21.0,0.0,0.0,1.4,0.8,7.07785409945227
4,21.0,0.0,0.0025,0.5,1.3,3.738445301392931
5,42.0,0.4,0.01,0.0,0.75,26.67050403890053
6,42.0,0.1,0.01,0.8,0.85,38.47759734641629
7,42.0,0.35,0.0025,0.6,0.75,26.796759530738786
8,126.0,0.25,0.01,0.9,0.7,26.67050403895848
9,126.0,0.25,0.01,1.4,1.25,18.14933828117868
10,252.0,0.3,0.001,1.4,1.25,17.922332651662174
11,126.0,0.1,0.0,0.7,1.45,46.78632192291135
12,63.0,0.4,0.001,0.4,1.15,14.592992432623847
13,21.0,0.0,0.001,0.2,0.5,28.795781862653268
14,63.0,0.15,0.005,0.0,0.55,26.67050403895848
15,63.0,0.35,0.0,1.1,0.5,26.67050403895848
16,21.0,0.05,0.0025,0.2,1.4,14.96156911870465
17,126.0,0.05,0.001,0.9,1.1,43.75231684470901
18,63.0,0.2,0.005,0.5,1.45,11.799334687701482
19,21.0,0.0,0.0025,1.2,1.05,0.48682934545262174
20,63.0,0.3,0.01,1.3,0.75,26.67050403895848
21,252.0,0.0,0.01,0.4,0.6,26.67050403895848
22,42.0,0.05,0.01,1.0,0.75,24.838483740493523
23,42.0,0.2,0.0025,1.1,0.9,41.020907660218285
24,42.0,0.1,0.005,1.4,1.4,22.1931383474986
25,42.0,0.35,0.01,0.3,1.2,9.518814918835107
26,252.0,0.05,0.0,0.0,0.65,26.67050403895848
27,126.0,0.25,0.001,0.4,0.6,26.67050403895848
28,126.0,0.3,0.0025,1.3,1.15,15.03038851395151
29,63.0,0.3,0.0,0.1,0.8,26.42959622046915
30,126.0,0.4,0.001,0.1,0.95,28.296928377056094
31,63.0,0.25,0.0025,0.6,0.65,26.67050403895848
32,42.0,0.2,0.001,1.0,1.45,23.53501574814084
33,42.0,0.15,0.01,1.0,0.9,41.19721699483335
34,42.0,0.15,0.001,0.9,0.5,26.67050403895848
35,252.0,0.35,0.005,0.0,1.3,26.67050403888296
36,21.0,0.0,0.001,0.1,1.0,28.20577969864863
37,21.0,0.25,0.001,0.4,1.35,15.082468067275542
38,252.0,0.1,0.0025,1.2,1.05,26.25474588081656
39,42.0,0.2,0.005,1.0,0.85,30.702287562087832
40,63.0,0.2,0.001,0.7,1.1,16.19034132684552
41,63.0,0.15,0.0025,0.2,1.45,14.980521441223983
42,63.0,0.15,0.001,1.5,1.2,38.10810816346595
43,63.0,0.3,0.001,1.3,1.2,15.444873273580768
44,252.0,0.1,0.005,1.4,0.9,29.299470391110123
45,21.0,0.05,0.001,1.5,1.1,7.57792365862565
46,42.0,0.2,0.0,0.8,1.25,15.344613409026337
47,63.0,0.15,0.0025,0.7,0.65,26.67050403895848
48,126.0,0.15,0.0025,1.2,0.9,31.982167288162668
49,42.0,0.2,0.005,0.6,0.55,26.67050403895848
50,126.0,0.2,0.0,0.4,1.0,22.655071149678253
51,42.0,0.4,0.005,1.3,0.75,26.723707573260565
52,252.0,0.3,0.01,0.1,1.1,10.21200705682837
53,42.0,0.4,0.001,0.9,0.9,27.028104325972173
54,63.0,0.4,0.01,0.2,1.4,9.614146421031247
55,63.0,0.35,0.0025,0.0,1.15,26.67050403888296
56,21.0,0.4,0.01,1.1,1.45,8.073020848552058
57,63.0,0.25,0.0025,1.2,0.7,26.67050403895848
58,252.0,0.4,0.005,1.5,1.0,21.21898128426482
59,252.0,0.05,0.01,0.3,1.25,11.118902217658343
60,42.0,0.15,0.0,1.3,1.1,41.14028574019048
61,42.0,0.1,0.0025,0.1,1.4,14.9078634699288
62,126.0,0.25,0.0025,0.9,1.25,12.298135861685225
63,252.0,0.1,0.0,0.4,0.55,26.67050403895848
64,21.0,0.0,0.0025,1.2,0.7,5.166802663245886
65,42.0,0.1,0.0,0.8,1.3,37.07983259134059
66,126.0,0.1,0.001,0.6,0.55,26.67050403895848
67,42.0,0.2,0.005,1.2,0.9,44.643142206033225
68,252.0,0.2,0.0,1.0,0.55,26.67050403895848
69,42.0,0.25,0.0,0.1,1.45,17.300804557399008
70,21.0,0.05,0.0025,0.0,1.2,26.67050403888296
71,252.0,0.3,0.0,0.4,0.65,26.67050403895848
72,21.0,0.1,0.001,1.5,1.0,45.218114583236726
73,42.0,0.05,0.01,0.4,1.05,25.04858618771751
74,252.0,0.3,0.01,1.2,0.8,26.67050403895848
75,126.0,0.05,0.01,1.5,0.85,10.50507771203246
76,21.0,0.1,0.001,1.0,1.05,44.27229065271525
77,252.0,0.25,0.005,0.7,1.45,11.268608690338477
78,21.0,0.05,0.01,0.9,0.85,27.929460637450187
79,252.0,0.25,0.01,0.2,0.7,26.67050403895848
80,63.0,0.3,0.0025,1.2,0.5,26.67050403895848
81,252.0,0.15,0.005,1.5,0.7,26.67050403895848
82,21.0,0.3,0.0,0.5,0.75,28.615909190327663
83,21.0,0.35,0.005,0.0,0.6,26.67050403888552
84,63.0,0.35,0.0025,1.4,0.9,27.665317638555365
85,42.0,0.2,0.01,0.9,0.8,29.46015640366064
86,126.0,0.0,0.001,0.1,1.2,23.896415822536497
87,63.0,0.0,0.01,0.8,0.55,26.67050403895848
88,21.0,0.0,0.001,0.1,1.05,25.560021865142712
89,21.0,0.05,0.001,0.6,1.05,61.211407273134505
90,252.0,0.3,0.0,0.4,0.95,27.050505623049528
91,126.0,0.05,0.0,0.2,0.9,28.048089427807344
92,42.0,0.0,0.01,0.0,0.65,26.67050403895848
93,126.0,0.2,0.01,1.1,1.35,16.344536962903764
94,42.0,0.05,0.0025,1.5,1.25,4.216125166779231
95,63.0,0.15,0.01,0.4,1.0,16.472396332940843
96,126.0,0.1,0.0025,1.1,0.95,45.320071546644854
97,63.0,0.25,0.005,0.7,0.95,21.810183702761417
98,252.0,0.25,0.01,1.0,0.8,26.67050403895848
99,42.0,0.05,0.0,0.6,0.75,64.46999340762575
